7 25 1
-3.333300000000000152e-01 0.000000000000000000e+00 0.000000000000000000e+00
-1.994419202699999893e-01 0.000000000000000000e+00 0.000000000000000000e+00
-1.184958567280000041e-01 0.000000000000000000e+00 0.000000000000000000e+00
-6.900461249729999968e-02 0.000000000000000000e+00 0.000000000000000000e+00
-3.783069747710000180e-02 0.000000000000000000e+00 0.000000000000000000e+00
-1.669897115809999832e-02 0.000000000000000000e+00 0.000000000000000000e+00
0.000000000000000000e+00 0.000000000000000000e+00 0.000000000000000000e+00
-3.333300000000000152e-01 8.320033517920000067e-06 0.000000000000000000e+00
-1.994419202699999893e-01 8.320033517879999783e-06 0.000000000000000000e+00
-1.184958567280000041e-01 8.320033517859999641e-06 0.000000000000000000e+00
-6.900461249729999968e-02 8.320033517839999499e-06 0.000000000000000000e+00
-3.783069747710000180e-02 8.320033517829999428e-06 0.000000000000000000e+00
-1.669897115809999832e-02 8.320033517829999428e-06 0.000000000000000000e+00
2.250930622499999970e-33 8.320033517819999357e-06 0.000000000000000000e+00
-3.333300000000000152e-01 1.866104102040000101e-05 0.000000000000000000e+00
-1.994419202699999893e-01 1.866104102040000101e-05 0.000000000000000000e+00
-1.184958567280000041e-01 1.866104102030000030e-05 0.000000000000000000e+00
-6.900461249729999968e-02 1.866104102030000030e-05 0.000000000000000000e+00
-3.783069747710000180e-02 1.866104102030000030e-05 0.000000000000000000e+00
-1.669897115809999832e-02 1.866104102030000030e-05 0.000000000000000000e+00
-6.728717743200000031e-33 1.866104102030000030e-05 0.000000000000000000e+00
-3.333300000000000152e-01 3.353490026509999748e-05 0.000000000000000000e+00
-1.994419202699999893e-01 3.353490026500000016e-05 0.000000000000000000e+00
-1.184958567280000041e-01 3.353490026500000016e-05 0.000000000000000000e+00
-6.900461249729999968e-02 3.353490026490000284e-05 0.000000000000000000e+00
-3.783069747710000180e-02 3.353490026490000284e-05 0.000000000000000000e+00
-1.669897115809999832e-02 3.353490026490000284e-05 0.000000000000000000e+00
6.728717743200000031e-33 3.353490026490000284e-05 0.000000000000000000e+00
-3.333300000000000152e-01 5.655453931559999912e-05 0.000000000000000000e+00
-1.994419202699999893e-01 5.655453931550000180e-05 0.000000000000000000e+00
-1.184958567280000041e-01 5.655453931530000038e-05 0.000000000000000000e+00
-6.900461249729999968e-02 5.655453931530000038e-05 0.000000000000000000e+00
-3.783069747710000180e-02 5.655453931520000306e-05 0.000000000000000000e+00
-1.669897115809999832e-02 5.655453931520000306e-05 0.000000000000000000e+00
0.000000000000000000e+00 5.655453931520000306e-05 0.000000000000000000e+00
-3.333300000000000152e-01 9.331153320069999764e-05 0.000000000000000000e+00
-1.994419202699999893e-01 9.331153320039999889e-05 0.000000000000000000e+00
-1.184958567280000041e-01 9.331153320020000425e-05 0.000000000000000000e+00
-6.900461249729999968e-02 9.331153320010000015e-05 0.000000000000000000e+00
-3.783069747710000180e-02 9.331153319999999605e-05 0.000000000000000000e+00
-1.669897115809999832e-02 9.331153319999999605e-05 0.000000000000000000e+00
6.728717743200000031e-33 9.331153319999999605e-05 0.000000000000000000e+00
-3.333300000000000152e-01 1.527343229209999901e-04 0.000000000000000000e+00
-1.994419202699999893e-01 1.527343229209999901e-04 0.000000000000000000e+00
-1.184958567280000041e-01 1.527343229200000033e-04 0.000000000000000000e+00
-6.900461249729999968e-02 1.527343229200000033e-04 0.000000000000000000e+00
-3.783069747710000180e-02 1.527343229200000033e-04 0.000000000000000000e+00
-1.669897115809999832e-02 1.527343229200000033e-04 0.000000000000000000e+00
4.489824182849999829e-33 1.527343229200000033e-04 0.000000000000000000e+00
-3.333300000000000152e-01 2.492569743809999847e-04 0.000000000000000000e+00
-1.994419202699999893e-01 2.492569743809999847e-04 0.000000000000000000e+00
-1.184958567280000041e-01 2.492569743800000250e-04 0.000000000000000000e+00
-6.900461249729999968e-02 2.492569743800000250e-04 0.000000000000000000e+00
-3.783069747710000180e-02 2.492569743800000250e-04 0.000000000000000000e+00
-1.669897115809999832e-02 2.492569743800000250e-04 0.000000000000000000e+00
-6.728717743200000031e-33 2.492569743800000250e-04 0.000000000000000000e+00
-3.333300000000000152e-01 4.063252786469999747e-04 0.000000000000000000e+00
-1.994419202699999893e-01 4.063252786460000150e-04 0.000000000000000000e+00
-1.184958567280000041e-01 4.063252786460000150e-04 0.000000000000000000e+00
-6.900461249729999968e-02 4.063252786450000011e-04 0.000000000000000000e+00
-3.783069747710000180e-02 4.063252786450000011e-04 0.000000000000000000e+00
-1.669897115809999832e-02 4.063252786450000011e-04 0.000000000000000000e+00
4.489824182849999829e-33 4.063252786450000011e-04 0.000000000000000000e+00
-3.333300000000000152e-01 6.620918412409999973e-04 0.000000000000000000e+00
-1.994419202699999893e-01 6.620918412389999695e-04 0.000000000000000000e+00
-1.184958567280000041e-01 6.620918412380000099e-04 0.000000000000000000e+00
-6.900461249729999968e-02 6.620918412370000502e-04 0.000000000000000000e+00
-3.783069747710000180e-02 6.620918412370000502e-04 0.000000000000000000e+00
-1.669897115809999832e-02 6.620918412370000502e-04 0.000000000000000000e+00
-1.203706215240000061e-35 6.620918412370000502e-04 0.000000000000000000e+00
-3.333300000000000152e-01 1.078683523549999997e-03 0.000000000000000000e+00
-1.994419202699999893e-01 1.078683523549999997e-03 0.000000000000000000e+00
-1.184958567280000041e-01 1.078683523549999997e-03 0.000000000000000000e+00
-6.900461249729999968e-02 1.078683523549999997e-03 0.000000000000000000e+00
-3.783069747710000180e-02 1.078683523549999997e-03 0.000000000000000000e+00
-1.669897115809999832e-02 1.078683523549999997e-03 0.000000000000000000e+00
6.752791867509999556e-33 1.078683523549999997e-03 0.000000000000000000e+00
-3.333300000000000152e-01 1.757292340050000019e-03 0.000000000000000000e+00
-1.994419202699999893e-01 1.757292340050000019e-03 0.000000000000000000e+00
-1.184958567280000041e-01 1.757292340050000019e-03 0.000000000000000000e+00
-6.900461249729999968e-02 1.757292340050000019e-03 0.000000000000000000e+00
-3.783069747710000180e-02 1.757292340050000019e-03 0.000000000000000000e+00
-1.669897115809999832e-02 1.757292340050000019e-03 0.000000000000000000e+00
6.752791867509999556e-33 1.757292340039999989e-03 0.000000000000000000e+00
-3.333300000000000152e-01 2.862755458879999784e-03 0.000000000000000000e+00
-1.994419202699999893e-01 2.862755458879999784e-03 0.000000000000000000e+00
-1.184958567280000041e-01 2.862755458869999971e-03 0.000000000000000000e+00
-6.900461249729999968e-02 2.862755458869999971e-03 0.000000000000000000e+00
-3.783069747710000180e-02 2.862755458869999971e-03 0.000000000000000000e+00
-1.669897115809999832e-02 2.862755458869999971e-03 0.000000000000000000e+00
-4.477787120699999719e-33 2.862755458869999971e-03 0.000000000000000000e+00
-3.333300000000000152e-01 4.663594899729999778e-03 0.000000000000000000e+00
-1.994419202699999893e-01 4.663594899719999964e-03 0.000000000000000000e+00
-1.184958567280000041e-01 4.663594899710000151e-03 0.000000000000000000e+00
-6.900461249729999968e-02 4.663594899710000151e-03 0.000000000000000000e+00
-3.783069747710000180e-02 4.663594899710000151e-03 0.000000000000000000e+00
-1.669897115809999832e-02 4.663594899710000151e-03 0.000000000000000000e+00
-6.752791867509999556e-33 4.663594899710000151e-03 0.000000000000000000e+00
-3.333300000000000152e-01 7.597242753770000120e-03 0.000000000000000000e+00
-1.994419202699999893e-01 7.597242753760000307e-03 0.000000000000000000e+00
-1.184958567280000041e-01 7.597242753749999626e-03 0.000000000000000000e+00
-6.900461249729999968e-02 7.597242753739999813e-03 0.000000000000000000e+00
-3.783069747710000180e-02 7.597242753739999813e-03 0.000000000000000000e+00
-1.669897115809999832e-02 7.597242753739999813e-03 0.000000000000000000e+00
-4.417601809939999862e-33 7.597242753739999813e-03 0.000000000000000000e+00
-3.333300000000000152e-01 1.237629542830000033e-02 0.000000000000000000e+00
-1.994419202699999893e-01 1.237629542820000046e-02 0.000000000000000000e+00
-1.184958567280000041e-01 1.237629542820000046e-02 0.000000000000000000e+00
-6.900461249729999968e-02 1.237629542820000046e-02 0.000000000000000000e+00
-3.783069747710000180e-02 1.237629542820000046e-02 0.000000000000000000e+00
-1.669897115809999832e-02 1.237629542820000046e-02 0.000000000000000000e+00
6.873162489030000638e-33 1.237629542820000046e-02 0.000000000000000000e+00
-3.333300000000000152e-01 2.016160655499999940e-02 0.000000000000000000e+00
-1.994419202699999893e-01 2.016160655499999940e-02 0.000000000000000000e+00
-1.184958567280000041e-01 2.016160655499999940e-02 0.000000000000000000e+00
-6.900461249729999968e-02 2.016160655499999940e-02 0.000000000000000000e+00
-3.783069747710000180e-02 2.016160655499999940e-02 0.000000000000000000e+00
-1.669897115809999832e-02 2.016160655499999940e-02 0.000000000000000000e+00
-2.455560679090000092e-33 2.016160655499999940e-02 0.000000000000000000e+00
-3.333300000000000152e-01 3.284426361770000080e-02 0.000000000000000000e+00
-1.994419202699999893e-01 3.284426361770000080e-02 0.000000000000000000e+00
-1.184958567280000041e-01 3.284426361770000080e-02 0.000000000000000000e+00
-6.900461249729999968e-02 3.284426361770000080e-02 0.000000000000000000e+00
-3.783069747710000180e-02 3.284426361759999746e-02 0.000000000000000000e+00
-1.669897115809999832e-02 3.284426361759999746e-02 0.000000000000000000e+00
-1.962041130840000123e-33 3.284426361759999746e-02 0.000000000000000000e+00
-3.333300000000000152e-01 5.350494170310000214e-02 0.000000000000000000e+00
-1.994419202699999893e-01 5.350494170310000214e-02 0.000000000000000000e+00
-1.184958567280000041e-01 5.350494170310000214e-02 0.000000000000000000e+00
-6.900461249729999968e-02 5.350494170299999880e-02 0.000000000000000000e+00
-3.783069747710000180e-02 5.350494170299999880e-02 0.000000000000000000e+00
-1.669897115809999832e-02 5.350494170299999880e-02 0.000000000000000000e+00
5.886123392530000014e-33 5.350494170299999880e-02 0.000000000000000000e+00
-3.333300000000000152e-01 8.716221349189999523e-02 0.000000000000000000e+00
-1.994419202699999893e-01 8.716221349180000577e-02 0.000000000000000000e+00
-1.184958567280000041e-01 8.716221349180000577e-02 0.000000000000000000e+00
-6.900461249729999968e-02 8.716221349180000577e-02 0.000000000000000000e+00
-3.783069747710000180e-02 8.716221349180000577e-02 0.000000000000000000e+00
-1.669897115809999832e-02 8.716221349170000243e-02 0.000000000000000000e+00
-5.886123392530000014e-33 8.716221349170000243e-02 0.000000000000000000e+00
-3.333300000000000152e-01 1.419915833890000034e-01 0.000000000000000000e+00
-1.994419202699999893e-01 1.419915833890000034e-01 0.000000000000000000e+00
-1.184958567280000041e-01 1.419915833890000034e-01 0.000000000000000000e+00
-6.900461249729999968e-02 1.419915833890000034e-01 0.000000000000000000e+00
-3.783069747710000180e-02 1.419915833890000034e-01 0.000000000000000000e+00
-1.669897115809999832e-02 1.419915833890000034e-01 0.000000000000000000e+00
-2.383338306180000125e-33 1.419915833890000034e-01 0.000000000000000000e+00
-3.333300000000000152e-01 2.313113547320000130e-01 0.000000000000000000e+00
-1.994419202699999893e-01 2.313113547310000073e-01 0.000000000000000000e+00
-1.184958567280000041e-01 2.313113547310000073e-01 0.000000000000000000e+00
-6.900461249729999968e-02 2.313113547310000073e-01 0.000000000000000000e+00
-3.783069747710000180e-02 2.313113547310000073e-01 0.000000000000000000e+00
-1.669897115809999832e-02 2.313113547310000073e-01 0.000000000000000000e+00
-2.383338306180000125e-33 2.313113547310000073e-01 0.000000000000000000e+00
-3.333300000000000152e-01 3.768177062420000056e-01 0.000000000000000000e+00
-1.994419202699999893e-01 3.768177062420000056e-01 0.000000000000000000e+00
-1.184958567280000041e-01 3.768177062420000056e-01 0.000000000000000000e+00
-6.900461249729999968e-02 3.768177062420000056e-01 0.000000000000000000e+00
-3.783069747710000180e-02 3.768177062420000056e-01 0.000000000000000000e+00
-1.669897115809999832e-02 3.768177062420000056e-01 0.000000000000000000e+00
-4.756937031779999711e-17 3.768177062420000056e-01 0.000000000000000000e+00
-3.333300000000000152e-01 6.138547925299999708e-01 0.000000000000000000e+00
-1.994419202699999893e-01 6.138547925289999929e-01 0.000000000000000000e+00
-1.184958567280000041e-01 6.138547925289999929e-01 0.000000000000000000e+00
-6.900461249729999968e-02 6.138547925289999929e-01 0.000000000000000000e+00
-3.783069747710000180e-02 6.138547925289999929e-01 0.000000000000000000e+00
-1.669897115809999832e-02 6.138547925289999929e-01 0.000000000000000000e+00
0.000000000000000000e+00 6.138547925289999929e-01 0.000000000000000000e+00
-3.333300000000000152e-01 1.000000000000000000e+00 0.000000000000000000e+00
-1.994419202699999893e-01 1.000000000000000000e+00 0.000000000000000000e+00
-1.184958567280000041e-01 1.000000000000000000e+00 0.000000000000000000e+00
-6.900461249729999968e-02 1.000000000000000000e+00 0.000000000000000000e+00
-3.783069747710000180e-02 1.000000000000000000e+00 0.000000000000000000e+00
-1.669897115809999832e-02 1.000000000000000000e+00 0.000000000000000000e+00
0.000000000000000000e+00 1.000000000000000000e+00 0.000000000000000000e+00
