29.139 25.148 20.830 16.015 10.451 4.1005 3.0142 6.4500 9.4870 11.699 15.508 18.860 21923
18.420 15.917 13.211 10.225 6.8596 3.2626 2.1702 3.2515 5.6362 7.1946 9.6786 11.820 13.765
14.097 12.196 10.146 7.9029 5.4303 2.8399 1.8408 2.2186 4.0126 5.3309 7.3133 8.9737 10.471
11.668 10.106 8.4275 6.6083 4.6384 2.5310 1.6348 1.7708 3.1216 4.2632 5.9726 7.3682 8.6157
10.081 8.7414 7.3096 5.7737 4.1155 2.2837 1.4952 1.5375 2.5764 3.5654 5.0888 6.3144 7.4001
8.9498 7.7708 6.5189 5.1848 3.7272 2.0838 1.3966 1.3997 2.2184 3.0764 4.4541 5.5594 6.5307
8.0965 7.0416 5.9275 4.7397 3.4170 1.9220 1.3241 1.3105 1.9705 2.7178 3.9732 4.9867 5.8723
7.4276 6.4722 5.4661 4.3847 3.1588 1.7902 1.2691 1.2487 1.7914 2.4458 3.5951 4.5346 5.3528
6.8882 6.0142 5.0923 4.0903 2.9388 1.6823 1.2259 1.2034 1.6576 2.2341 3.2899 4.1672 4.9306
6.4427 5.6362 4.7810 3.8383 2.7488 1.5929 1.1913 1.1688 1.5544 2.0657 3.0384 3.8618 4.5794
5.7488 5.0427 4.2814 3.4239 2.4382 1.4551 1.1391 1.1192 1.4076 1.8169 2.6495 3.3822 4.0259
5.2280 4.5900 3.8897 3.0928 2.1967 1.3551 1.1012 1.0846 1.3091 1.6440 2.3638 3.0221 3.6074
4.8159 4.2254 3.5677 2.8214 2.0057 1.2800 1.0722 1.0587 1.2390 1.5182 2.1464 2.7416 3.2786
4.4774 3.9202 3.2965 2.5953 1.8522 1.2219 1.0491 1.0382 1.1865 1.4232 1.9762 2.5173 3.0131
4.1898 3.6589 3.0638 2.4045 1.7270 1.1757 1.0300 1.0212 1.1458 1.3492 1.8399 2.3341 2.7939
3.6210 3.1378 2.6058 2.0415 1.4993 1.0933 0.99337 0.98859 1.0748 1.2210 1.5960 1.9969 2.3838
3.1902 2.7466 2.2710 1.7881 1.3486 1.0388 0.96645 0.96415 1.0281 1.1391 1.4361 1.7683 2.0992
2.8502 2.4433 2.0194 1.6045 1.2430 0.99963 0.94519 0.94453 0.99448 1.0822 1.3240 1.6042 1.8910
2.5756 2.2032 1.8255 1.4672 1.1655 0.96988 0.92764 0.92808 0.96854 1.0400 1.2414 1.4814 1.7326
2.1635 1.8526 1.5510 1.2784 1.0605 0.92676 0.89963 0.90136 0.93011 0.98086 1.1281 1.3108 1.5089
1.8736 1.6134 1.3694 1.1566 0.99273 0.89616 0.87766 0.88005 0.90203 0.94049 1.0539 1.1985 1.3594
1.6622 1.4429 1.2426 1.0727 0.94537 0.87272 0.85956 0.86230 0.87996 0.91048 1.0012 1.1191 1.2529
1.5033 1.3169 1.1501 1.0115 0.91013 0.85379 0.84417 0.84709 0.86180 0.88684 0.96160 1.0600 1.1734
1.3806 1.2208 1.0801 0.96522 0.88269 0.83795 0.83079 0.83379 0.84637 0.86745 0.93046 1.0142 1.1118
1.2839 1.1456 1.0256 0.92892 0.86055 0.82435 0.81895 0.82198 0.83296 0.85108 0.90517 0.97754 1.0627
1.1424 1.0364 0.94629 0.87547 0.82661 0.80184 0.79874 0.80172 0.81047 0.82449 0.86609 0.92218 0.98904
1.0452 0.96153 0.89171 0.83772 0.80132 0.78363 0.78189 0.78478 0.79207 0.80342 0.83680 0.88197 0.93627
0.97494 0.90740 0.85178 0.80938 0.78137 0.76834 0.76747 0.77024 0.77650 0.78600 0.81365 0.85108 0.89633
0.92214 0.86654 0.82120 0.78711 0.76498 0.75518 0.75488 0.75753 0.76303 0.77117 0.79464 0.82637 0.86485
0.88115 0.83457 0.79693 0.76897 0.75112 0.74364 0.74372 0.74626 0.75117 0.75828 0.77859 0.80596 0.83923
0.81004 0.77827 0.75314 0.73492 0.72377 0.71982 0.72045 0.72270 0.72662 0.73198 0.74700 0.76707 0.79150
0.76376 0.74088 0.72306 0.71041 0.70302 0.70097 0.70183 0.70381 0.70713 0.71137 0.72317 0.73876 0.75770
0.73046 0.71348 0.70044 0.69140 0.68638 0.68545 0.68641 0.68813 0.69107 0.69450 0.70412 0.71669 0.73192
0.70459 0.69195 0.68238 0.67591 0.67256 0.67232 0.67331 0.67480 0.67746 0.68028 0.68832 0.69870 0.71121
0.66536 0.65902 0.65445 0.65164 0.65061 0.65099 0.65195 0.65314 0.65538 0.65733 0.66314 0.67045 0.67917
0.60030 0.60470 0.60849 0.61171 0.61438 0.61397 0.61475 0.61624 0.61708 0.61832 0.62067 0.62330 0.62620
0.55518 0.56801 0.57833 0.58620 0.59170 0.58870 0.58931 0.59240 0.59105 0.59291 0.59278 0.59207 0.59082
