32.491 27.796 22.86 17.337 11.034 4.0079 2.503 4.8195 7.0752 8.7831 11.683 14.223 16.042
20.231 17.334 14.25 10.858 7.0967 3.13 1.8648 2.5558 4.1729 5.3665 7.2732 8.9026 10.378
15.325 13.141 10.813 8.2836 5.5257 2.6494 1.6049 1.8216 3.0004 3.9671 5.4825 6.7496 7.8875
12.581 10.796 8.8974 6.8508 4.6309 2.3144 1.4442 1.4953 2.3752 3.1823 4.4702 5.5351 6.4844
10.796 9.2718 7.6546 5.916 4.0268 2.0661 1.3343 1.3208 1.997 2.6795 3.807 4.739 5.5655
9.5286 8.1904 6.7712 5.2434 3.5795 1.8767 1.2556 1.2156 1.7489 2.332 3.3346 4.17 4.9086
8.5753 7.3764 6.1031 4.7278 3.2304 1.7293 1.1966 1.1462 1.5766 2.0795 2.9798 3.74 4.4118
7.8277 6.7363 5.5738 4.3143 2.9491 1.6122 1.1509 1.0973 1.4514 1.889 2.7031 3.4019 4.0205
7.2226 6.2159 5.1402 3.973 2.7172 1.5175 1.1144 1.0609 1.3571 1.7411 2.4815 3.1284 3.7032
6.7201 5.7816 4.7758 3.685 2.5231 1.4398 1.0845 1.0329 1.2839 1.6235 2.3001 2.9023 3.4399
5.9263 5.0909 4.1924 3.2244 2.2173 1.3204 1.0382 0.99162 1.1787 1.4496 2.0215 2.5495 3.0269
5.3195 4.5588 3.7421 2.8717 1.9888 1.2336 1.0038 0.96264 1.107 1.3283 1.8185 2.2869 2.7165
4.8352 4.1326 3.3823 2.5938 1.8131 1.1679 0.9769 0.94058 1.0553 1.2394 1.6646 2.0838 2.4742
4.4363 3.7816 3.088 2.3694 1.6745 1.1166 0.95503 0.92286 1.0161 1.1719 1.5445 1.9225 2.2797
4.1006 3.4873 2.8428 2.1852 1.5626 1.0753 0.93686 0.90797 0.98537 1.1189 1.4484 1.7912 2.1199
3.4515 2.9229 2.3808 1.8463 1.3614 1.0006 0.90147 0.87918 0.9308 1.0261 1.2763 1.5509 1.8232
2.9827 2.5221 2.0594 1.6168 1.2286 0.95003 0.8752 0.85747 0.89424 0.96585 1.163 1.3887 1.6188
2.6294 2.2243 1.8258 1.4531 1.1353 0.91311 0.8544 0.83989 0.8674 0.92332 1.0831 1.2724 1.4701
2.3546 1.996 1.6495 1.3318 1.0662 0.88453 0.8372 0.82506 0.84643 0.8914 1.0239 1.1852 1.3573
1.9592 1.6729 1.4042 1.165 0.9713 0.84277 0.80977 0.80087 0.81486 0.84594 0.94178 1.0637 1.1982
1.6916 1.4582 1.2435 1.0567 0.90894 0.81287 0.78837 0.78154 0.79143 0.81432 0.88729 0.98319 1.0916
1.5008 1.307 1.1318 0.98147 0.86449 0.78976 0.77086 0.76543 0.77282 0.79045 0.84814 0.92586 1.0155
1.3595 1.1958 1.0494 0.92618 0.83109 0.77111 0.75604 0.75162 0.75737 0.77142 0.81835 0.88283 0.95847
1.2507 1.111 0.98706 0.88364 0.80494 0.75553 0.74322 0.73954 0.74416 0.75566 0.79471 0.84923 0.91405
1.1656 1.0441 0.93815 0.8499 0.7836 0.7422 0.73191 0.72881 0.73262 0.74224 0.77533 0.82214 0.87844
1.0403 0.94699 0.86604 0.79981 0.75055 0.72022 0.71269 0.71042 0.71316 0.72023 0.74504 0.78084 0.82468
0.95392 0.87951 0.81546 0.76397 0.72575 0.70254 0.69678 0.69505 0.69714 0.70261 0.72202 0.75047 0.78576
0.89087 0.82989 0.77819 0.73667 0.70615 0.68776 0.68322 0.68187 0.68354 0.68793 0.70362 0.72688 0.75603
0.8428 0.79194 0.74929 0.71501 0.69007 0.6751 0.67144 0.67036 0.67174 0.67536 0.68838 0.70782 0.7324
0.80498 0.76209 0.72605 0.69726 0.67649 0.66405 0.66103 0.66015 0.66133 0.66438 0.67539 0.69194 0.71301
0.73865 0.70865 0.68355 0.66381 0.64973 0.64136 0.63938 0.63884 0.6397 0.64183 0.64958 0.66134 0.67647
0.69505 0.67267 0.65416 0.63977 0.6295 0.6235 0.62211 0.62175 0.62244 0.62404 0.62987 0.63875 0.65026
0.66372 0.64638 0.63216 0.62115 0.61331 0.60882 0.6078 0.60755 0.60814 0.60939 0.61398 0.62099 0.63011
0.63977 0.62598 0.61475 0.60603 0.59988 0.5964 0.59563 0.59544 0.59597 0.59698 0.60072 0.60642 0.61386
0.60473 0.59563 0.58819 0.58246 0.57848 0.57626 0.57578 0.57666 0.57612 0.57681 0.57946 0.58347 0.58871
0.55113 0.54806 0.5456 0.54375 0.54254 0.54146 0.54128 0.54138 0.54158 0.54206 0.54338 0.54532 0.54782
0.51718 0.51777 0.51829 0.51875 0.51915 0.51803 0.51795 0.5186 0.5182 0.51901 0.51964 0.52049 0.52153
