# Variables: pos.x pos.y pos.z volume rho vel.x vel.y vel.z p a mu k[0] mu_t k_t S tke omega massf[0] e[0] T[0]
 -3.160147e-03 3.203910e-03 0.000000e+00 5.317830e-10 4.217799e-01 1.700534e+01 -1.501101e-01 0.000000e+00 3.445774e+04 3.381929e+02 1.772753e-05 2.502700e-02 1.970007e-10 2.226979e-07 0.000000e+00 5.341066e-01 1.143526e+09 1.000000e+00 2.042400e+05 2.845560e+02
 -3.160147e-03 3.206729e-03 0.000000e+00 5.942828e-10 4.227133e-01 5.298371e+01 -4.714428e-01 0.000000e+00 3.445419e+04 3.378019e+02 1.769553e-05 2.497462e-02 2.083744e-08 2.355552e-05 0.000000e+00 1.162638e+01 2.358555e+08 1.000000e+00 2.037681e+05 2.838984e+02
 -3.160147e-03 3.209880e-03 0.000000e+00 6.641037e-10 4.256242e-01 9.288548e+01 -8.266207e-01 0.000000e+00 3.443638e+04 3.365578e+02 1.759373e-05 2.480804e-02 3.829563e-07 4.329099e-04 0.000000e+00 7.738295e+01 8.600474e+07 1.000000e+00 2.022699e+05 2.818110e+02
 -3.160147e-03 3.213400e-03 0.000000e+00 7.420975e-10 4.303655e-01 1.347309e+02 -1.196414e+00 0.000000e+00 3.438028e+04 3.344259e+02 1.741933e-05 2.452302e-02 2.630399e-06 2.973514e-03 0.000000e+00 2.737693e+02 4.479202e+07 1.000000e+00 1.997156e+05 2.782523e+02
 -3.160147e-03 3.217334e-03 0.000000e+00 8.292130e-10 4.364940e-01 1.731833e+02 -1.526132e+00 0.000000e+00 3.428760e+04 3.316221e+02 1.719004e-05 2.414895e-02 8.994254e-06 1.016748e-02 0.000000e+00 5.852016e+02 2.840002e+07 1.000000e+00 1.963807e+05 2.736060e+02
 -3.160147e-03 3.221730e-03 0.000000e+00 9.265078e-10 4.432610e-01 2.047839e+02 -1.791769e+00 0.000000e+00 3.420019e+04 3.286613e+02 1.694804e-05 2.375498e-02 1.970697e-05 2.227759e-02 0.000000e+00 8.712980e+02 1.959775e+07 1.000000e+00 1.928897e+05 2.687422e+02
 -3.160147e-03 3.226642e-03 0.000000e+00 1.035159e-09 4.501351e-01 2.301474e+02 -2.008681e+00 0.000000e+00 3.413647e+04 3.258381e+02 1.671741e-05 2.338033e-02 3.403780e-05 3.847776e-02 0.000000e+00 1.071547e+03 1.417074e+07 1.000000e+00 1.895901e+05 2.641450e+02
 -3.160147e-03 3.232129e-03 0.000000e+00 1.156479e-09 4.568772e-01 2.509566e+02 -2.184374e+00 0.000000e+00 3.409242e+04 3.232163e+02 1.650335e-05 2.303333e-02 5.165098e-05 5.838844e-02 0.000000e+00 1.200314e+03 1.061734e+07 1.000000e+00 1.865513e+05 2.599113e+02
 -3.160147e-03 3.238259e-03 0.000000e+00 1.291925e-09 4.634300e-01 2.685446e+02 -2.332100e+00 0.000000e+00 3.406221e+04 3.207808e+02 1.630463e-05 2.271181e-02 7.250948e-05 8.196776e-02 0.000000e+00 1.281273e+03 8.189002e+06 1.000000e+00 1.837505e+05 2.560091e+02
 -3.160147e-03 3.245107e-03 0.000000e+00 1.443119e-09 4.697983e-01 2.838150e+02 -2.459719e+00 0.000000e+00 3.404105e+04 3.185002e+02 1.611865e-05 2.241149e-02 9.670785e-05 1.093226e-01 0.000000e+00 1.331312e+03 6.467396e+06 1.000000e+00 1.811471e+05 2.523820e+02
 -3.160147e-03 3.252756e-03 0.000000e+00 1.611864e-09 4.760167e-01 2.973736e+02 -2.571586e+00 0.000000e+00 3.402619e+04 3.163440e+02 1.594291e-05 2.212822e-02 1.244095e-04 1.406377e-01 0.000000e+00 1.361019e+03 5.207544e+06 1.000000e+00 1.787027e+05 2.489763e+02
 -3.160147e-03 3.261298e-03 0.000000e+00 1.800162e-09 4.821180e-01 3.096360e+02 -2.672452e+00 0.000000e+00 3.401537e+04 3.142859e+02 1.577527e-05 2.185847e-02 1.558142e-04 1.761389e-01 0.000000e+00 1.376891e+03 4.260357e+06 1.000000e+00 1.763851e+05 2.457472e+02
 -3.160147e-03 3.270838e-03 0.000000e+00 2.010233e-09 4.881537e-01 3.208955e+02 -2.761847e+00 0.000000e+00 3.400832e+04 3.123045e+02 1.561398e-05 2.159938e-02 1.911492e-04 2.160831e-01 0.000000e+00 1.382981e+03 3.531833e+06 1.000000e+00 1.741681e+05 2.426584e+02
 -3.160147e-03 3.281491e-03 0.000000e+00 2.244541e-09 4.941420e-01 3.313651e+02 -2.846002e+00 0.000000e+00 3.400303e+04 3.103823e+02 1.545759e-05 2.134858e-02 2.306359e-04 2.607206e-01 0.000000e+00 1.381832e+03 2.960601e+06 1.000000e+00 1.720307e+05 2.396805e+02
 -3.160147e-03 3.293385e-03 0.000000e+00 2.505813e-09 5.001266e-01 3.412040e+02 -2.920745e+00 0.000000e+00 3.399972e+04 3.085046e+02 1.530493e-05 2.110417e-02 2.745263e-04 3.103361e-01 0.000000e+00 1.375082e+03 2.505096e+06 1.000000e+00 1.699555e+05 2.367893e+02
 -3.160147e-03 3.306662e-03 0.000000e+00 2.797066e-09 5.061411e-01 3.505327e+02 -2.991140e+00 0.000000e+00 3.399826e+04 3.066596e+02 1.515502e-05 2.086455e-02 3.230789e-04 3.652220e-01 0.000000e+00 1.363808e+03 2.136566e+06 1.000000e+00 1.679287e+05 2.339655e+02
 -3.160147e-03 3.321480e-03 0.000000e+00 3.121633e-09 5.122072e-01 3.594446e+02 -3.055460e+00 0.000000e+00 3.399799e+04 3.048371e+02 1.500704e-05 2.062840e-02 3.765273e-04 4.256423e-01 0.000000e+00 1.348680e+03 1.834670e+06 1.000000e+00 1.659386e+05 2.311928e+02
 -3.160147e-03 3.338017e-03 0.000000e+00 3.483191e-09 5.183548e-01 3.680137e+02 -3.114911e+00 0.000000e+00 3.399899e+04 3.030285e+02 1.486030e-05 2.039461e-02 4.350807e-04 4.918336e-01 0.000000e+00 1.330137e+03 1.584724e+06 1.000000e+00 1.639755e+05 2.284577e+02
 -3.160147e-03 3.356467e-03 0.000000e+00 3.885793e-09 5.246091e-01 3.762994e+02 -3.169470e+00 0.000000e+00 3.400116e+04 3.012264e+02 1.471418e-05 2.016221e-02 4.988901e-04 5.639663e-01 0.000000e+00 1.308433e+03 1.375885e+06 1.000000e+00 1.620310e+05 2.257485e+02
 -3.160147e-03 3.377046e-03 0.000000e+00 4.333891e-09 5.309958e-01 3.843502e+02 -3.219268e+00 0.000000e+00 3.400450e+04 2.994240e+02 1.456816e-05 1.993034e-02 5.680319e-04 6.421272e-01 0.000000e+00 1.283703e+03 1.200004e+06 1.000000e+00 1.600978e+05 2.230551e+02
 -3.160147e-03 3.399996e-03 0.000000e+00 4.832372e-09 5.375402e-01 3.922066e+02 -3.264291e+00 0.000000e+00 3.400899e+04 2.976154e+02 1.442174e-05 1.969824e-02 6.424706e-04 7.262758e-01 0.000000e+00 1.255987e+03 1.050855e+06 1.000000e+00 1.581695e+05 2.203685e+02
 -3.160147e-03 3.425581e-03 0.000000e+00 5.386583e-09 5.442691e-01 3.999025e+02 -3.304348e+00 0.000000e+00 3.401470e+04 2.957948e+02 1.427448e-05 1.946522e-02 7.220238e-04 8.162061e-01 0.000000e+00 1.225255e+03 9.236095e+05 1.000000e+00 1.562403e+05 2.176807e+02
 -3.160147e-03 3.454096e-03 0.000000e+00 6.002362e-09 5.512087e-01 4.074670e+02 -3.339376e+00 0.000000e+00 3.402165e+04 2.939569e+02 1.412594e-05 1.923060e-02 8.063127e-04 9.114898e-01 0.000000e+00 1.191410e+03 8.144671e+05 1.000000e+00 1.543048e+05 2.149840e+02
 -3.160147e-03 3.485864e-03 0.000000e+00 6.686061e-09 5.583900e-01 4.149255e+02 -3.368755e+00 0.000000e+00 3.403004e+04 2.920966e+02 1.397573e-05 1.899377e-02 8.947162e-04 1.011425e+00 0.000000e+00 1.154301e+03 7.203960e+05 1.000000e+00 1.523578e+05 2.122715e+02
 -3.160147e-03 3.521243e-03 0.000000e+00 7.444569e-09 5.658401e-01 4.223000e+02 -3.392631e+00 0.000000e+00 3.403973e+04 2.902086e+02 1.382344e-05 1.875410e-02 9.863003e-04 1.114955e+00 0.000000e+00 1.113714e+03 6.389373e+05 1.000000e+00 1.503947e+05 2.095363e+02
 -3.160147e-03 3.560626e-03 0.000000e+00 8.285325e-09 5.736011e-01 4.296097e+02 -3.409444e+00 0.000000e+00 3.405138e+04 2.882879e+02 1.366867e-05 1.851100e-02 1.079796e-03 1.220647e+00 0.000000e+00 1.069375e+03 5.680652e+05 1.000000e+00 1.484105e+05 2.067719e+02
 -3.160147e-03 3.604445e-03 0.000000e+00 9.216326e-09 5.816936e-01 4.368712e+02 -3.420337e+00 0.000000e+00 3.406421e+04 2.863295e+02 1.351104e-05 1.826390e-02 1.173486e-03 1.326558e+00 0.000000e+00 1.020929e+03 5.060713e+05 1.000000e+00 1.464010e+05 2.039722e+02
 -3.160147e-03 3.653174e-03 0.000000e+00 1.024612e-08 5.901929e-01 4.440974e+02 -3.422901e+00 0.000000e+00 3.408060e+04 2.843286e+02 1.335018e-05 1.801227e-02 1.265329e-03 1.430381e+00 0.000000e+00 9.679442e+02 4.514824e+05 1.000000e+00 1.443621e+05 2.011315e+02
 -3.160147e-03 3.707329e-03 0.000000e+00 1.138379e-08 5.990984e-01 4.512968e+02 -3.416218e+00 0.000000e+00 3.409842e+04 2.822813e+02 1.318578e-05 1.775565e-02 1.352720e-03 1.529171e+00 0.000000e+00 9.099493e+02 4.030021e+05 1.000000e+00 1.422905e+05 1.982453e+02
 -3.160147e-03 3.767475e-03 0.000000e+00 1.263891e-08 6.084647e-01 4.584713e+02 -3.399899e+00 0.000000e+00 3.411889e+04 2.801843e+02 1.301762e-05 1.749375e-02 1.432808e-03 1.619707e+00 0.000000e+00 8.464327e+02 3.594508e+05 1.000000e+00 1.401844e+05 1.953108e+02
 -3.160147e-03 3.834225e-03 0.000000e+00 1.402149e-08 6.183244e-01 4.656126e+02 -3.371890e+00 0.000000e+00 3.414240e+04 2.780372e+02 1.284569e-05 1.722660e-02 1.502463e-03 1.698447e+00 0.000000e+00 7.769308e+02 3.197383e+05 1.000000e+00 1.380441e+05 1.923289e+02
 -3.160147e-03 3.908243e-03 0.000000e+00 1.554189e-08 6.286943e-01 4.726980e+02 -3.330568e+00 0.000000e+00 3.416929e+04 2.758432e+02 1.267028e-05 1.695469e-02 1.558502e-03 1.761796e+00 0.000000e+00 7.011967e+02 2.828601e+05 1.000000e+00 1.358740e+05 1.893055e+02
 -3.160147e-03 3.990246e-03 0.000000e+00 1.721065e-08 6.395572e-01 4.796831e+02 -3.274024e+00 0.000000e+00 3.419961e+04 2.736119e+02 1.249217e-05 1.667929e-02 1.597986e-03 1.806431e+00 0.000000e+00 6.194627e+02 2.479255e+05 1.000000e+00 1.336847e+05 1.862553e+02
 -3.160147e-03 4.081003e-03 0.000000e+00 1.903840e-08 6.508373e-01 4.864957e+02 -3.202166e+00 0.000000e+00 3.423287e+04 2.713623e+02 1.231291e-05 1.640283e-02 1.618680e-03 1.829824e+00 0.000000e+00 5.328322e+02 2.142406e+05 1.000000e+00 1.314955e+05 1.832052e+02
 -3.160147e-03 4.181337e-03 0.000000e+00 2.103557e-08 6.626386e-01 4.931623e+02 -3.111313e+00 0.000000e+00 3.427006e+04 2.690810e+02 1.213147e-05 1.612374e-02 1.555552e-03 1.758462e+00 0.000000e+00 4.403222e+02 1.803099e+05 1.000000e+00 1.292939e+05 1.801378e+02
 -3.160147e-03 4.292120e-03 0.000000e+00 2.321214e-08 6.758020e-01 5.000503e+02 -2.988682e+00 0.000000e+00 3.431602e+04 2.666262e+02 1.193660e-05 1.582484e-02 1.263928e-03 1.428797e+00 0.000000e+00 3.332202e+02 1.420372e+05 1.000000e+00 1.269455e+05 1.768660e+02
 -3.160147e-03 4.414275e-03 0.000000e+00 2.557734e-08 6.911828e-01 5.073784e+02 -2.822690e+00 0.000000e+00 3.437457e+04 2.638677e+02 1.171814e-05 1.549081e-02 9.086223e-04 1.027145e+00 0.000000e+00 2.060926e+02 9.564455e+04 1.000000e+00 1.243324e+05 1.732252e+02
 -3.160147e-03 4.548766e-03 0.000000e+00 2.813917e-08 7.061502e-01 5.137653e+02 -2.635206e+00 0.000000e+00 3.442474e+04 2.612467e+02 1.151109e-05 1.517528e-02 6.903431e-04 7.803929e-01 0.000000e+00 9.876282e+01 5.260530e+04 1.000000e+00 1.218747e+05 1.698011e+02
 -3.160147e-03 4.696593e-03 0.000000e+00 3.090400e-08 7.144767e-01 5.169817e+02 -2.516048e+00 0.000000e+00 3.444412e+04 2.597930e+02 1.139648e-05 1.500107e-02 8.686531e-04 9.819620e-01 0.000000e+00 5.309827e+01 3.164788e+04 1.000000e+00 1.205222e+05 1.679167e+02
 -3.160147e-03 4.858783e-03 0.000000e+00 3.387596e-08 7.182172e-01 5.183098e+02 -2.454491e+00 0.000000e+00 3.445163e+04 2.591439e+02 1.134536e-05 1.492346e-02 1.120359e-03 1.266501e+00 0.000000e+00 3.766501e+01 2.414551e+04 1.000000e+00 1.199207e+05 1.670786e+02
 -3.160147e-03 5.036377e-03 0.000000e+00 3.705635e-08 7.201749e-01 5.189435e+02 -2.406621e+00 0.000000e+00 3.445624e+04 2.588088e+02 1.131898e-05 1.488343e-02 1.078384e-03 1.219051e+00 0.000000e+00 3.220934e+01 2.151029e+04 1.000000e+00 1.196107e+05 1.666467e+02
 -3.160147e-03 5.230413e-03 0.000000e+00 4.044295e-08 7.211894e-01 5.192367e+02 -2.370840e+00 0.000000e+00 3.445943e+04 2.586386e+02 1.130559e-05 1.486313e-02 1.061434e-03 1.199890e+00 0.000000e+00 3.046559e+01 2.069978e+04 1.000000e+00 1.194535e+05 1.664277e+02
 -3.160147e-03 5.441907e-03 0.000000e+00 4.402929e-08 7.216787e-01 5.193504e+02 -2.341675e+00 0.000000e+00 3.446318e+04 2.585650e+02 1.129979e-05 1.485434e-02 1.056061e-03 1.193816e+00 0.000000e+00 2.997778e+01 2.048586e+04 1.000000e+00 1.193855e+05 1.663329e+02
 -3.160147e-03 5.671831e-03 0.000000e+00 4.780393e-08 7.219218e-01 5.193848e+02 -2.317961e+00 0.000000e+00 3.446777e+04 2.585387e+02 1.129772e-05 1.485120e-02 1.054302e-03 1.191827e+00 0.000000e+00 2.983494e+01 2.042916e+04 1.000000e+00 1.193612e+05 1.662991e+02
 -3.160147e-03 5.921085e-03 0.000000e+00 5.174968e-08 7.220791e-01 5.193855e+02 -2.292884e+00 0.000000e+00 3.447391e+04 2.585335e+02 1.129732e-05 1.485059e-02 1.053442e-03 1.190855e+00 0.000000e+00 2.977186e+01 2.040705e+04 1.000000e+00 1.193564e+05 1.662925e+02
 -3.160147e-03 6.190466e-03 0.000000e+00 5.584300e-08 7.222265e-01 5.193700e+02 -2.274300e+00 0.000000e+00 3.448226e+04 2.585385e+02 1.129770e-05 1.485117e-02 1.052807e-03 1.190137e+00 0.000000e+00 2.972535e+01 2.039162e+04 1.000000e+00 1.193610e+05 1.662988e+02
 -3.160147e-03 6.480637e-03 0.000000e+00 6.005338e-08 7.224107e-01 5.193420e+02 -2.264925e+00 0.000000e+00 3.449401e+04 2.585495e+02 1.129858e-05 1.485250e-02 1.052328e-03 1.189596e+00 0.000000e+00 2.968519e+01 2.037853e+04 1.000000e+00 1.193712e+05 1.663130e+02
 -3.160147e-03 6.792089e-03 0.000000e+00 6.434304e-08 7.226516e-01 5.193023e+02 -2.264472e+00 0.000000e+00 3.450982e+04 2.585657e+02 1.129985e-05 1.485442e-02 1.052067e-03 1.189301e+00 0.000000e+00 2.965286e+01 2.036818e+04 1.000000e+00 1.193861e+05 1.663338e+02
 -3.160147e-03 7.125108e-03 0.000000e+00 6.866678e-08 7.229655e-01 5.192483e+02 -2.273591e+00 0.000000e+00 3.453063e+04 2.585875e+02 1.130156e-05 1.485702e-02 1.052076e-03 1.189311e+00 0.000000e+00 2.962983e+01 2.036102e+04 1.000000e+00 1.194062e+05 1.663618e+02
 -3.160147e-03 7.479731e-03 0.000000e+00 7.297222e-08 7.233840e-01 5.191745e+02 -2.298141e+00 0.000000e+00 3.455848e+04 2.586169e+02 1.130388e-05 1.486053e-02 1.052406e-03 1.189684e+00 0.000000e+00 2.961591e+01 2.035686e+04 1.000000e+00 1.194334e+05 1.663997e+02
 -3.160147e-03 7.855720e-03 0.000000e+00 7.720038e-08 7.239413e-01 5.190746e+02 -2.344615e+00 0.000000e+00 3.459565e+04 2.586563e+02 1.130698e-05 1.486524e-02 1.053111e-03 1.190481e+00 0.000000e+00 2.961134e+01 2.035576e+04 1.000000e+00 1.194698e+05 1.664505e+02
 -3.160147e-03 8.252526e-03 0.000000e+00 8.128673e-08 7.246755e-01 5.189429e+02 -2.420211e+00 0.000000e+00 3.464470e+04 2.587085e+02 1.131108e-05 1.487146e-02 1.054277e-03 1.191799e+00 0.000000e+00 2.961844e+01 2.035876e+04 1.000000e+00 1.195180e+05 1.665176e+02
 -3.160147e-03 8.669267e-03 0.000000e+00 8.516268e-08 7.256177e-01 5.187733e+02 -2.529263e+00 0.000000e+00 3.470781e+04 2.587758e+02 1.131638e-05 1.487950e-02 1.055902e-03 1.193636e+00 0.000000e+00 2.963434e+01 2.036477e+04 1.000000e+00 1.195802e+05 1.666043e+02
 -3.160147e-03 9.104713e-03 0.000000e+00 8.875753e-08 7.267981e-01 5.185642e+02 -2.670927e+00 0.000000e+00 3.478669e+04 2.588592e+02 1.132295e-05 1.488946e-02 1.058037e-03 1.196049e+00 0.000000e+00 2.965892e+01 2.037362e+04 1.000000e+00 1.196573e+05 1.667117e+02
 -3.160147e-03 9.557280e-03 0.000000e+00 9.200080e-08 7.282261e-01 5.183081e+02 -2.844310e+00 0.000000e+00 3.488257e+04 2.589615e+02 1.133100e-05 1.490167e-02 1.060687e-03 1.199046e+00 0.000000e+00 2.969235e+01 2.038559e+04 1.000000e+00 1.197519e+05 1.668434e+02
 -3.160147e-03 1.002504e-02 0.000000e+00 9.482487e-08 7.298414e-01 5.180266e+02 -3.014434e+00 0.000000e+00 3.499024e+04 2.590736e+02 1.133983e-05 1.491506e-02 1.063760e-03 1.202519e+00 0.000000e+00 2.973474e+01 2.040088e+04 1.000000e+00 1.198556e+05 1.669880e+02
 -3.160147e-03 1.050573e-02 0.000000e+00 9.716769e-08 7.313912e-01 5.177446e+02 -3.109009e+00 0.000000e+00 3.509511e+04 2.591865e+02 1.134871e-05 1.492855e-02 1.066781e-03 1.205934e+00 0.000000e+00 2.977910e+01 2.041672e+04 1.000000e+00 1.199601e+05 1.671335e+02
 -3.160147e-03 1.099682e-02 0.000000e+00 9.897561e-08 7.329913e-01 5.174647e+02 -3.117546e+00 0.000000e+00 3.520224e+04 2.592984e+02 1.135752e-05 1.494191e-02 1.069649e-03 1.209176e+00 0.000000e+00 2.981065e+01 2.042815e+04 1.000000e+00 1.200636e+05 1.672778e+02
 -3.160147e-03 1.149551e-02 0.000000e+00 1.002059e-07 7.344113e-01 5.172191e+02 -3.054494e+00 0.000000e+00 3.529738e+04 2.593974e+02 1.136532e-05 1.495375e-02 1.071990e-03 1.211823e+00 0.000000e+00 2.982640e+01 2.043381e+04 1.000000e+00 1.201554e+05 1.674056e+02
 -3.160147e-03 1.199884e-02 0.000000e+00 1.008286e-07 7.356168e-01 5.170181e+02 -2.929642e+00 0.000000e+00 3.537841e+04 2.594821e+02 1.137198e-05 1.496387e-02 1.073290e-03 1.213292e+00 0.000000e+00 2.979821e+01 2.042325e+04 1.000000e+00 1.202338e+05 1.675149e+02
 -3.160147e-03 1.250373e-02 0.000000e+00 1.008286e-07 7.366000e-01 5.168318e+02 -2.785561e+00 0.000000e+00 3.544475e+04 2.595518e+02 1.137748e-05 1.497221e-02 1.076122e-03 1.216494e+00 0.000000e+00 2.987971e+01 2.045251e+04 1.000000e+00 1.202985e+05 1.676050e+02
 -3.160147e-03 1.300707e-02 0.000000e+00 1.002059e-07 7.373433e-01 5.167014e+02 -2.649132e+00 0.000000e+00 3.549468e+04 2.596037e+02 1.138156e-05 1.497841e-02 1.077782e-03 1.218370e+00 0.000000e+00 2.991269e+01 2.046418e+04 1.000000e+00 1.203465e+05 1.676719e+02
 -3.160147e-03 1.350576e-02 0.000000e+00 9.897561e-08 7.378167e-01 5.166148e+02 -2.536376e+00 0.000000e+00 3.552696e+04 2.596383e+02 1.138429e-05 1.498256e-02 1.078775e-03 1.219492e+00 0.000000e+00 2.992820e+01 2.046908e+04 1.000000e+00 1.203787e+05 1.677167e+02
 -3.160147e-03 1.399685e-02 0.000000e+00 9.716769e-08 7.380947e-01 5.165627e+02 -2.431392e+00 0.000000e+00 3.554598e+04 2.596589e+02 1.138591e-05 1.498502e-02 1.079456e-03 1.220262e+00 0.000000e+00 2.994344e+01 2.047429e+04 1.000000e+00 1.203977e+05 1.677433e+02
 -3.160147e-03 1.447754e-02 0.000000e+00 9.482487e-08 7.381652e-01 5.165518e+02 -2.364153e+00 0.000000e+00 3.555060e+04 2.596634e+02 1.138627e-05 1.498555e-02 1.079731e-03 1.220573e+00 0.000000e+00 2.995250e+01 2.047724e+04 1.000000e+00 1.204019e+05 1.677491e+02
 -3.160147e-03 1.494530e-02 0.000000e+00 9.200080e-08 7.381042e-01 5.165629e+02 -2.297555e+00 0.000000e+00 3.554649e+04 2.596591e+02 1.138593e-05 1.498504e-02 1.079728e-03 1.220570e+00 0.000000e+00 2.995651e+01 2.047833e+04 1.000000e+00 1.203979e+05 1.677436e+02
 -3.160147e-03 1.539786e-02 0.000000e+00 8.875753e-08 7.379542e-01 5.165892e+02 -2.238425e+00 0.000000e+00 3.553649e+04 2.596490e+02 1.138513e-05 1.498383e-02 1.079588e-03 1.220412e+00 0.000000e+00 2.995981e+01 2.047907e+04 1.000000e+00 1.203885e+05 1.677305e+02
 -3.160147e-03 1.583331e-02 0.000000e+00 8.516268e-08 7.377334e-01 5.166279e+02 -2.197633e+00 0.000000e+00 3.552167e+04 2.596337e+02 1.138392e-05 1.498200e-02 1.079364e-03 1.220159e+00 0.000000e+00 2.996420e+01 2.048020e+04 1.000000e+00 1.203743e+05 1.677107e+02
 -3.160147e-03 1.625005e-02 0.000000e+00 8.128673e-08 7.374759e-01 5.166716e+02 -2.172748e+00 0.000000e+00 3.550453e+04 2.596163e+02 1.138256e-05 1.497993e-02 1.079132e-03 1.219896e+00 0.000000e+00 2.997084e+01 2.048200e+04 1.000000e+00 1.203583e+05 1.676883e+02
 -3.160147e-03 1.664686e-02 0.000000e+00 7.720038e-08 7.372201e-01 5.167173e+02 -2.160079e+00 0.000000e+00 3.548733e+04 2.595985e+02 1.138115e-05 1.497779e-02 1.078969e-03 1.219712e+00 0.000000e+00 2.998105e+01 2.048496e+04 1.000000e+00 1.203417e+05 1.676652e+02
 -3.160147e-03 1.702285e-02 0.000000e+00 7.297222e-08 7.369723e-01 5.167585e+02 -2.154245e+00 0.000000e+00 3.547087e+04 2.595819e+02 1.137985e-05 1.497581e-02 1.078928e-03 1.219666e+00 0.000000e+00 2.999701e+01 2.048976e+04 1.000000e+00 1.203263e+05 1.676438e+02
 -3.160147e-03 1.737747e-02 0.000000e+00 6.866678e-08 7.367483e-01 5.167974e+02 -2.152220e+00 0.000000e+00 3.545582e+04 2.595663e+02 1.137862e-05 1.497394e-02 1.079040e-03 1.219792e+00 0.000000e+00 3.001973e+01 2.049692e+04 1.000000e+00 1.203119e+05 1.676236e+02
 -3.160147e-03 1.771049e-02 0.000000e+00 6.434304e-08 7.365523e-01 5.168319e+02 -2.151107e+00 0.000000e+00 3.544278e+04 2.595530e+02 1.137757e-05 1.497236e-02 1.079276e-03 1.220059e+00 0.000000e+00 3.004676e+01 2.050542e+04 1.000000e+00 1.202996e+05 1.676065e+02
 -3.160147e-03 1.802194e-02 0.000000e+00 6.005338e-08 7.363757e-01 5.168618e+02 -2.147527e+00 0.000000e+00 3.543130e+04 2.595421e+02 1.137672e-05 1.497105e-02 1.079637e-03 1.220468e+00 0.000000e+00 3.007889e+01 2.051556e+04 1.000000e+00 1.202895e+05 1.675925e+02
 -3.160147e-03 1.831211e-02 0.000000e+00 5.584300e-08 7.362243e-01 5.168856e+02 -2.140371e+00 0.000000e+00 3.542164e+04 2.595334e+02 1.137603e-05 1.497001e-02 1.080109e-03 1.221001e+00 0.000000e+00 3.011480e+01 2.052686e+04 1.000000e+00 1.202814e+05 1.675812e+02
 -3.160147e-03 1.858149e-02 0.000000e+00 5.174968e-08 7.360877e-01 5.169032e+02 -2.128153e+00 0.000000e+00 3.541384e+04 2.595289e+02 1.137567e-05 1.496947e-02 1.080710e-03 1.221680e+00 0.000000e+00 3.015683e+01 2.054027e+04 1.000000e+00 1.202772e+05 1.675754e+02
 -3.160147e-03 1.883075e-02 0.000000e+00 4.780393e-08 7.359359e-01 5.169074e+02 -2.109406e+00 0.000000e+00 3.540783e+04 2.595336e+02 1.137605e-05 1.497004e-02 1.081536e-03 1.222614e+00 0.000000e+00 3.021533e+01 2.056015e+04 1.000000e+00 1.202816e+05 1.675815e+02
 -3.160147e-03 1.906067e-02 0.000000e+00 4.402929e-08 7.357089e-01 5.168788e+02 -2.090869e+00 0.000000e+00 3.540341e+04 2.595575e+02 1.137792e-05 1.497289e-02 1.083063e-03 1.224340e+00 0.000000e+00 3.033653e+01 2.060717e+04 1.000000e+00 1.203037e+05 1.676123e+02
 -3.160147e-03 1.927217e-02 0.000000e+00 4.044295e-08 7.352570e-01 5.167765e+02 -2.065320e+00 0.000000e+00 3.539952e+04 2.596230e+02 1.138308e-05 1.498072e-02 1.087442e-03 1.229290e+00 0.000000e+00 3.073496e+01 2.078096e+04 1.000000e+00 1.203645e+05 1.676969e+02
 -3.160147e-03 1.946620e-02 0.000000e+00 3.705635e-08 7.343244e-01 5.165136e+02 -2.031400e+00 0.000000e+00 3.539595e+04 2.597747e+02 1.139503e-05 1.499887e-02 1.101220e-03 1.244865e+00 0.000000e+00 3.216342e+01 2.144747e+04 1.000000e+00 1.205051e+05 1.678929e+02
 -3.160147e-03 1.964380e-02 0.000000e+00 3.387596e-08 7.325281e-01 5.159429e+02 -1.986046e+00 0.000000e+00 3.539155e+04 2.600768e+02 1.141884e-05 1.503503e-02 1.136574e-03 1.284831e+00 0.000000e+00 3.671729e+01 2.366448e+04 1.000000e+00 1.207856e+05 1.682837e+02
 -3.160147e-03 1.980599e-02 0.000000e+00 3.090400e-08 7.291921e-01 5.147833e+02 -1.923233e+00 0.000000e+00 3.538457e+04 2.606454e+02 1.146366e-05 1.510314e-02 9.539153e-04 1.078346e+00 0.000000e+00 4.954250e+01 2.998457e+04 1.000000e+00 1.213143e+05 1.690203e+02
 -3.160147e-03 1.995381e-02 0.000000e+00 2.813917e-08 7.218387e-01 5.120013e+02 -1.800906e+00 0.000000e+00 3.536853e+04 2.619102e+02 1.156346e-05 1.525498e-02 6.721061e-04 7.597770e-01 0.000000e+00 8.769995e+01 4.796051e+04 1.000000e+00 1.224946e+05 1.706647e+02
 -3.160147e-03 2.008830e-02 0.000000e+00 2.557734e-08 7.070163e-01 5.058518e+02 -1.560452e+00 0.000000e+00 3.531972e+04 2.644587e+02 1.176490e-05 1.556222e-02 8.391547e-04 9.486158e-01 0.000000e+00 1.889084e+02 8.934621e+04 1.000000e+00 1.248901e+05 1.740022e+02
 -3.160147e-03 2.021046e-02 0.000000e+00 2.321214e-08 6.904022e-01 4.981120e+02 -1.314899e+00 0.000000e+00 3.525530e+04 2.673777e+02 1.199621e-05 1.591619e-02 1.188572e-03 1.343612e+00 0.000000e+00 3.265822e+02 1.391420e+05 1.000000e+00 1.276622e+05 1.778644e+02
 -3.160147e-03 2.032124e-02 0.000000e+00 2.103557e-08 6.760350e-01 4.907244e+02 -1.113594e+00 0.000000e+00 3.520140e+04 2.699973e+02 1.220430e-05 1.623568e-02 1.523260e-03 1.721957e+00 0.000000e+00 4.466909e+02 1.809620e+05 1.000000e+00 1.301760e+05 1.813667e+02
 -3.160147e-03 2.042158e-02 0.000000e+00 1.903840e-08 6.635990e-01 4.837783e+02 -9.559580e-01 0.000000e+00 3.515971e+04 2.723540e+02 1.239190e-05 1.652456e-02 1.676449e-03 1.895129e+00 0.000000e+00 5.478667e+02 2.168651e+05 1.000000e+00 1.324584e+05 1.845467e+02
 -3.160147e-03 2.051233e-02 0.000000e+00 1.721065e-08 6.519981e-01 4.768326e+02 -8.202657e-01 0.000000e+00 3.512353e+04 2.746249e+02 1.257300e-05 1.680418e-02 1.659420e-03 1.875878e+00 0.000000e+00 6.397953e+02 2.513801e+05 1.000000e+00 1.346765e+05 1.876371e+02
 -3.160147e-03 2.059434e-02 0.000000e+00 1.554189e-08 6.408421e-01 4.697117e+02 -7.019785e-01 0.000000e+00 3.509056e+04 2.768750e+02 1.275274e-05 1.708242e-02 1.622232e-03 1.833839e+00 0.000000e+00 7.265326e+02 2.870074e+05 1.000000e+00 1.368924e+05 1.907243e+02
 -3.160147e-03 2.066835e-02 0.000000e+00 1.402149e-08 6.302326e-01 4.625060e+02 -6.003320e-01 0.000000e+00 3.506159e+04 2.790804e+02 1.292920e-05 1.735628e-02 1.567016e-03 1.771421e+00 0.000000e+00 8.062010e+02 3.242429e+05 1.000000e+00 1.390819e+05 1.937749e+02
 -3.160147e-03 2.073510e-02 0.000000e+00 1.263891e-08 6.201949e-01 4.552701e+02 -5.136535e-01 0.000000e+00 3.503666e+04 2.812297e+02 1.310143e-05 1.762420e-02 1.496827e-03 1.692077e+00 0.000000e+00 8.782287e+02 3.638848e+05 1.000000e+00 1.412324e+05 1.967711e+02
 -3.160147e-03 2.079525e-02 0.000000e+00 1.138379e-08 6.107120e-01 4.480325e+02 -4.399312e-01 0.000000e+00 3.501546e+04 2.833190e+02 1.326908e-05 1.788561e-02 1.415008e-03 1.599584e+00 0.000000e+00 9.427497e+02 4.068870e+05 1.000000e+00 1.433387e+05 1.997056e+02
 -3.160147e-03 2.084940e-02 0.000000e+00 1.024612e-08 6.017462e-01 4.408041e+02 -3.773268e-01 0.000000e+00 3.499760e+04 2.853491e+02 1.343219e-05 1.814050e-02 1.324847e-03 1.497663e+00 0.000000e+00 1.000273e+03 4.543241e+05 1.000000e+00 1.454002e+05 2.025777e+02
 -3.160147e-03 2.089813e-02 0.000000e+00 9.216326e-09 5.932504e-01 4.335836e+02 -3.241138e-01 0.000000e+00 3.498266e+04 2.873237e+02 1.359104e-05 1.838925e-02 1.229402e-03 1.389768e+00 0.000000e+00 1.051481e+03 5.073940e+05 1.000000e+00 1.474195e+05 2.053911e+02
 -3.160147e-03 2.094195e-02 0.000000e+00 8.285325e-09 5.851742e-01 4.263607e+02 -2.787768e-01 0.000000e+00 3.497022e+04 2.892482e+02 1.374603e-05 1.863245e-02 1.131387e-03 1.278967e+00 0.000000e+00 1.097103e+03 5.674420e+05 1.000000e+00 1.494009e+05 2.081517e+02
 -3.160147e-03 2.098133e-02 0.000000e+00 7.444569e-09 5.774686e-01 4.191194e+02 -2.400139e-01 0.000000e+00 3.495992e+04 2.911287e+02 1.389764e-05 1.887082e-02 1.033123e-03 1.167886e+00 0.000000e+00 1.137840e+03 6.360004e+05 1.000000e+00 1.513499e+05 2.108671e+02
 -3.160147e-03 2.101671e-02 0.000000e+00 6.686061e-09 5.700875e-01 4.118391e+02 -2.067363e-01 0.000000e+00 3.495144e+04 2.929718e+02 1.404638e-05 1.910510e-02 9.365144e-04 1.058675e+00 0.000000e+00 1.174315e+03 7.148446e+05 1.000000e+00 1.532722e+05 2.135454e+02
 -3.160147e-03 2.104848e-02 0.000000e+00 6.002362e-09 5.629886e-01 4.044959e+02 -1.780501e-01 0.000000e+00 3.494452e+04 2.947839e+02 1.419276e-05 1.933609e-02 8.430542e-04 9.530239e-01 0.000000e+00 1.207058e+03 8.060691e+05 1.000000e+00 1.551742e+05 2.161953e+02
 -3.160147e-03 2.107700e-02 0.000000e+00 5.386583e-09 5.561334e-01 3.970631e+02 -1.532234e-01 0.000000e+00 3.493896e+04 2.965716e+02 1.433729e-05 1.956457e-02 7.538532e-04 8.521874e-01 0.000000e+00 1.236496e+03 9.121889e+05 1.000000e+00 1.570620e+05 2.188254e+02
 -3.160147e-03 2.110258e-02 0.000000e+00 4.832372e-09 5.494871e-01 3.895111e+02 -1.316680e-01 0.000000e+00 3.493460e+04 2.983412e+02 1.448048e-05 1.979131e-02 6.696816e-04 7.570362e-01 0.000000e+00 1.262951e+03 1.036277e+06 1.000000e+00 1.589419e+05 2.214446e+02
 -3.160147e-03 2.112553e-02 0.000000e+00 4.333891e-09 5.430183e-01 3.818069e+02 -1.128883e-01 0.000000e+00 3.493135e+04 3.000990e+02 1.462282e-05 2.001710e-02 5.910194e-04 6.681133e-01 0.000000e+00 1.286646e+03 1.182148e+06 1.000000e+00 1.608203e+05 2.240618e+02
 -3.160147e-03 2.114611e-02 0.000000e+00 3.885793e-09 5.366975e-01 3.739132e+02 -9.652524e-02 0.000000e+00 3.492912e+04 3.018513e+02 1.476484e-05 2.024273e-02 5.181092e-04 5.856925e-01 0.000000e+00 1.307702e+03 1.354618e+06 1.000000e+00 1.627040e+05 2.266861e+02
 -3.160147e-03 2.116456e-02 0.000000e+00 3.483191e-09 5.304978e-01 3.657874e+02 -8.216659e-02 0.000000e+00 3.492793e+04 3.036048e+02 1.490705e-05 2.046905e-02 4.510081e-04 5.098385e-01 0.000000e+00 1.326134e+03 1.559864e+06 1.000000e+00 1.645998e+05 2.293275e+02
 -3.160147e-03 2.118110e-02 0.000000e+00 3.121633e-09 5.243916e-01 3.573794e+02 -6.975561e-02 0.000000e+00 3.492771e+04 3.053664e+02 1.505001e-05 2.069693e-02 3.896314e-04 4.404557e-01 0.000000e+00 1.341840e+03 1.805936e+06 1.000000e+00 1.665154e+05 2.319964e+02
 -3.160147e-03 2.119592e-02 0.000000e+00 2.797066e-09 5.183557e-01 3.486292e+02 -5.852420e-02 0.000000e+00 3.492873e+04 3.071436e+02 1.519434e-05 2.092735e-02 3.337986e-04 3.773400e-01 0.000000e+00 1.354580e+03 2.103527e+06 1.000000e+00 1.684593e+05 2.347047e+02
 -3.160147e-03 2.120919e-02 0.000000e+00 2.505813e-09 5.123556e-01 3.394630e+02 -4.965613e-02 0.000000e+00 3.493058e+04 3.089450e+02 1.534073e-05 2.116144e-02 2.832539e-04 3.202021e-01 0.000000e+00 1.363919e+03 2.467086e+06 1.000000e+00 1.704411e+05 2.374659e+02
 -3.160147e-03 2.122109e-02 0.000000e+00 2.244541e-09 5.063793e-01 3.297887e+02 -3.983250e-02 0.000000e+00 3.493458e+04 3.107805e+02 1.548999e-05 2.140049e-02 2.377185e-04 2.687270e-01 0.000000e+00 1.369197e+03 2.916614e+06 1.000000e+00 1.724724e+05 2.402959e+02
 -3.160147e-03 2.123174e-02 0.000000e+00 2.010233e-09 5.003803e-01 3.194875e+02 -3.398079e-02 0.000000e+00 3.493991e+04 3.126618e+02 1.564305e-05 2.164605e-02 1.968755e-04 2.225563e-01 0.000000e+00 1.369357e+03 3.480368e+06 1.000000e+00 1.745668e+05 2.432139e+02
 -3.160147e-03 2.124128e-02 0.000000e+00 1.800162e-09 4.943286e-01 3.084039e+02 -2.591075e-02 0.000000e+00 3.494726e+04 3.146029e+02 1.580109e-05 2.189998e-02 1.604326e-04 1.813597e-01 0.000000e+00 1.362802e+03 4.199097e+06 1.000000e+00 1.767411e+05 2.462432e+02
 -3.160147e-03 2.124982e-02 0.000000e+00 1.611864e-09 4.881981e-01 2.963293e+02 -2.065350e-02 0.000000e+00 3.495807e+04 3.166210e+02 1.596548e-05 2.216457e-02 1.281175e-04 1.448294e-01 0.000000e+00 1.347071e+03 5.133080e+06 1.000000e+00 1.790158e+05 2.494125e+02
 -3.160147e-03 2.125747e-02 0.000000e+00 1.443119e-09 4.819416e-01 2.829769e+02 -1.492112e-02 0.000000e+00 3.497289e+04 3.187371e+02 1.613796e-05 2.244265e-02 9.966325e-05 1.126635e-01 0.000000e+00 1.318251e+03 6.374665e+06 1.000000e+00 1.814166e+05 2.527574e+02
 -3.160147e-03 2.126432e-02 0.000000e+00 1.291925e-09 4.755235e-01 2.679398e+02 -9.734219e-03 0.000000e+00 3.499382e+04 3.209769e+02 1.632062e-05 2.273767e-02 7.483584e-05 8.459759e-02 0.000000e+00 1.270092e+03 8.070444e+06 1.000000e+00 1.839753e+05 2.563222e+02
 -3.160147e-03 2.127045e-02 0.000000e+00 1.156479e-09 4.689083e-01 2.506237e+02 -4.513026e-03 0.000000e+00 3.502369e+04 3.233709e+02 1.651598e-05 2.305377e-02 5.344432e-05 6.041571e-02 0.000000e+00 1.192375e+03 1.046163e+07 1.000000e+00 1.867299e+05 2.601601e+02
 -3.160147e-03 2.127594e-02 0.000000e+00 1.035159e-09 4.620875e-01 2.301392e+02 1.088240e-03 0.000000e+00 3.506730e+04 3.259515e+02 1.672668e-05 2.339537e-02 3.537091e-05 3.998477e-02 0.000000e+00 1.068662e+03 1.396106e+07 1.000000e+00 1.897221e+05 2.643290e+02
 -3.160147e-03 2.128085e-02 0.000000e+00 9.265078e-10 4.551092e-01 2.051614e+02 5.721126e-03 0.000000e+00 3.513055e+04 3.287371e+02 1.695423e-05 2.376505e-02 2.063085e-05 2.332198e-02 0.000000e+00 8.753100e+02 1.930903e+07 1.000000e+00 1.929787e+05 2.688662e+02
 -3.160147e-03 2.128524e-02 0.000000e+00 8.292130e-10 4.482028e-01 1.739669e+02 1.431621e-02 0.000000e+00 3.521835e+04 3.316739e+02 1.719428e-05 2.415586e-02 9.537062e-06 1.078110e-02 0.000000e+00 5.954132e+02 2.798198e+07 1.000000e+00 1.964421e+05 2.736915e+02
 -3.160147e-03 2.128918e-02 0.000000e+00 7.420975e-10 4.419053e-01 1.357448e+02 2.159902e-02 0.000000e+00 3.531438e+04 3.344839e+02 1.742407e-05 2.453076e-02 2.838202e-06 3.208424e-03 0.000000e+00 2.829214e+02 4.405059e+07 1.000000e+00 1.997847e+05 2.783486e+02
 -3.160147e-03 2.129270e-02 0.000000e+00 6.641037e-10 4.369752e-01 9.375010e+01 1.679979e-02 0.000000e+00 3.537313e+04 3.366451e+02 1.760088e-05 2.481973e-02 4.186084e-07 4.732125e-04 0.000000e+00 8.063757e+01 8.417561e+07 1.000000e+00 2.023749e+05 2.819574e+02
 -3.160147e-03 2.129585e-02 0.000000e+00 5.942828e-10 4.339388e-01 5.349804e+01 8.751494e-03 0.000000e+00 3.539227e+04 3.379123e+02 1.770456e-05 2.498940e-02 2.288571e-08 2.587097e-05 0.000000e+00 1.213382e+01 2.300708e+08 1.000000e+00 2.039013e+05 2.840840e+02
 -3.160147e-03 2.129867e-02 0.000000e+00 5.317830e-10 4.329641e-01 1.717034e+01 3.059563e-03 0.000000e+00 3.539632e+04 3.383118e+02 1.773726e-05 2.504293e-02 2.165534e-10 2.448011e-07 0.000000e+00 5.575668e-01 1.114766e+09 1.000000e+00 2.043837e+05 2.847561e+02
