# 1:pos.x 2:pos.y 3:pos.z 4:volume 5:rho 6:vel.x 7:vel.y 8:vel.z 9:p 10:a 11:mu 12:k 13:mu_t 14:k_t 15:S 16:tke 17:omega 18:massf[0]-air 19:u 20:Ttr
8.513958359947799981e-02 9.527499109507243935e-02 0.000000000000000000e+00 4.393596783501316065e-06 1.769308174696911928e-01 7.129449587633853298e+02 1.491507803665761134e-01 0.000000000000000000e+00 3.159258241690534305e+03 1.581083619833040075e+02 4.137031071501201361e-06 4.776804973632795860e-03 3.629485706565730941e-06 4.097898814612269125e-03 0.000000000000000000e+00 3.796578741647433475e+01 1.850762985875852173e+06 1.000000000000000000e+00 4.463973951614910038e+04 6.219329131302638558e+01
8.513958203306107309e-02 9.690769143297137123e-02 0.000000000000000000e+00 4.388043628689175264e-06 1.769001031816385405e-01 7.129560591166049335e+02 1.866327639524096027e-01 0.000000000000000000e+00 3.160005520827696273e+03 1.581407868712040852e+02 4.138967181528317268e-06 4.779268538568406596e-03 3.208586613096688502e-06 3.622679448662430302e-03 0.000000000000000000e+00 1.836547872104164369e+01 1.012550219922815100e+06 1.000000000000000000e+00 4.465805084329214878e+04 6.221880314879603446e+01
8.513957890351998847e-02 9.853730065351440359e-02 0.000000000000000000e+00 4.376968832391103272e-06 1.769022466943773741e-01 7.129567821226185060e+02 1.863599638730241981e-01 0.000000000000000000e+00 3.160396547064576680e+03 1.581496127651557515e+02 4.139494241456537732e-06 4.779939215622757906e-03 2.935027965888896671e-06 3.313815949326469334e-03 0.000000000000000000e+00 1.148105781525844371e+01 6.919950833695536712e+05 1.000000000000000000e+00 4.466303574601557921e+04 6.222574824996834764e+01
8.513957421743238718e-02 1.001617771521795125e-01 0.000000000000000000e+00 4.360435012634508310e-06 1.769334713860317709e-01 7.129517440437065261e+02 1.608786870462280416e-01 0.000000000000000000e+00 3.161441411897025318e+03 1.581617958712171514e+02 4.140221827979295721e-06 4.780865081356905182e-03 2.718350281092904320e-06 3.069174339064117962e-03 0.000000000000000000e+00 7.865665673635269250e+00 5.119647537986593670e+05 1.000000000000000000e+00 4.466991727358673234e+04 6.223533578012757772e+01
8.513956798462475606e-02 1.017791082417630055e-01 0.000000000000000000e+00 4.338535084340773053e-06 1.770072518218346880e-01 7.129381216126041636e+02 9.645595191577767402e-02 0.000000000000000000e+00 3.163518299804589788e+03 1.581807621274676876e+02 4.141354608517167344e-06 4.782306611889718638e-03 2.553462071920891618e-06 2.883006035470250458e-03 0.000000000000000000e+00 5.828883769678172122e+00 4.040611014376483508e+05 1.000000000000000000e+00 4.468063126290449873e+04 6.225026279954989405e+01
8.513956021813856578e-02 1.033873211976623352e-01 0.000000000000000000e+00 4.311391070895190085e-06 1.770602730315967155e-01 7.129290116653614859e+02 5.559881438657017505e-02 0.000000000000000000e+00 3.164897376822037586e+03 1.581915455744521637e+02 4.141998714927311870e-06 4.783126302061449162e-03 2.419223577889886818e-06 2.731443029017334174e-03 0.000000000000000000e+00 4.546944433799507301e+00 3.327857872525603743e+05 1.000000000000000000e+00 4.468672337720353971e+04 6.225875049780752590e+01
8.513955093416983311e-02 1.049844937954414192e-01 0.000000000000000000e+00 4.279152562086991252e-06 1.770764185998319751e-01 7.129250677137424645e+02 3.968361296282037209e-02 0.000000000000000000e+00 3.165388316050955837e+03 1.581966018833108194e+02 4.142300746741915398e-06 4.783510674530558511e-03 2.310237975457095962e-06 2.608391994483372656e-03 0.000000000000000000e+00 3.688570516833592272e+00 2.827236257964252727e+05 1.000000000000000000e+00 4.468958008469062042e+04 6.226273053987017647e+01
8.513954015200705938e-02 1.065687642156668419e-01 0.000000000000000000e+00 4.241994852918804339e-06 1.770836882670867585e-01 7.129236343040727206e+02 3.354395248248574074e-02 0.000000000000000000e+00 3.165594774371333642e+03 1.581985135875655715e+02 4.142414942033674351e-06 4.783656003123364260e-03 2.220813000259173575e-06 2.507426036910545900e-03 0.000000000000000000e+00 3.081924838608255168e+00 2.457472183920991083e+05 1.000000000000000000e+00 4.469066018091994920e+04 6.226423535912237384e+01
8.513952789394729770e-02 1.081383402048620990e-01 0.000000000000000000e+00 4.200116804082506302e-06 1.770891166820776630e-01 7.129231002108157327e+02 3.186123172612538579e-02 0.000000000000000000e+00 3.165732185793223380e+03 1.581995223265349750e+02 4.142475199353173850e-06 4.783732688765162701e-03 2.142057802749109400e-06 2.418506874083364237e-03 0.000000000000000000e+00 2.629012767982116028e+00 2.173468653508498101e+05 1.000000000000000000e+00 4.469123011489972123e+04 6.226502940654328455e+01
8.513951418520267211e-02 1.096915073976022226e-01 0.000000000000000000e+00 4.153738469836759531e-06 1.770918007990704701e-01 7.129226719548097435e+02 3.102093451476433186e-02 0.000000000000000000e+00 3.165810142784624077e+03 1.582002712610070887e+02 4.142519937392604373e-06 4.783789624119198260e-03 2.068408178066597739e-06 2.335352197613050230e-03 0.000000000000000000e+00 2.278133825648955391e+00 1.950479726020875969e+05 1.000000000000000000e+00 4.469165326260041911e+04 6.226561894735385749e+01
8.513949905379132599e-02 1.112266367224171715e-01 0.000000000000000000e+00 4.103098542456168482e-06 1.770922800132851138e-01 7.129225471747399752e+02 2.994203774063439530e-02 0.000000000000000000e+00 3.165847058003517759e+03 1.582009795652101900e+02 4.142562248530129341e-06 4.783843470989552343e-03 2.003771654367354874e-06 2.262373832284698006e-03 0.000000000000000000e+00 2.006275300782765392e+00 1.773135509605265688e+05 1.000000000000000000e+00 4.469205345605724142e+04 6.226617650769160406e+01
8.513948253042556702e-02 1.127421908327645717e-01 0.000000000000000000e+00 4.048451664323637173e-06 1.770914062443268711e-01 7.129228420668580384e+02 2.913905266635988256e-02 0.000000000000000000e+00 3.165865664208621638e+03 1.582018347336107524e+02 4.142613332943515531e-06 4.783908483197185299e-03 1.954351706731640188e-06 2.206575859456690828e-03 0.000000000000000000e+00 1.796094611661276375e+00 1.627511155906183994e+05 1.000000000000000000e+00 4.469253663050124305e+04 6.226684967938294335e+01
8.513946464837274242e-02 1.142367295234153202e-01 0.000000000000000000e+00 3.990065659121396944e-06 1.770894781388558659e-01 7.129231406436866791e+02 2.830620042166140729e-02 0.000000000000000000e+00 3.165874295929759683e+03 1.582029116314472503e+02 4.142677662950355533e-06 4.783990352484990098e-03 1.917201640037758673e-06 2.164631290287503430e-03 0.000000000000000000e+00 1.624806533465927849e+00 1.500813138686564344e+05 9.999999999999998890e-01 4.469314508690626826e+04 6.226769739728764108e+01
8.513944544332047171e-02 1.157089141115722475e-01 0.000000000000000000e+00 3.928218732489749062e-06 1.770890660995404486e-01 7.129231064427527826e+02 2.811753424215567357e-02 0.000000000000000000e+00 3.165894509063245096e+03 1.582036007177036652e+02 4.142718826688656901e-06 4.784042739428041868e-03 1.879917591186129307e-06 2.122535447530319273e-03 0.000000000000000000e+00 1.472533248174571430e+00 1.387132813387521310e+05 1.000000000000000000e+00 4.469353442865467514e+04 6.226823983873200063e+01
8.513942495322594783e-02 1.171575107802475119e-01 0.000000000000000000e+00 3.863196690161791109e-06 1.770893657780407970e-01 7.129228784608141041e+02 2.783356614828957562e-02 0.000000000000000000e+00 3.165904721836514454e+03 1.582037220299942533e+02 4.142726073500733884e-06 4.784051962075975412e-03 1.830026745570232725e-06 2.066205803707906428e-03 0.000000000000000000e+00 1.335020615750021955e+00 1.291882507815974677e+05 1.000000000000000000e+00 4.469360297168517718e+04 6.226833533473421056e+01
8.513940321814904288e-02 1.185813928986912680e-01 0.000000000000000000e+00 3.795290218045301641e-06 1.770902152647119698e-01 7.129225544582152452e+02 2.772014293697185050e-02 0.000000000000000000e+00 3.165918588651089067e+03 1.582036890533888993e+02 4.142724103582275047e-06 4.784049455061035148e-03 1.773298253256328203e-06 2.002156062173628820e-03 0.000000000000000000e+00 1.225636522182523835e+00 1.223980428283525107e+05 9.999999999999998890e-01 4.469358433946673176e+04 6.226830937582401049e+01
8.513938028008796732e-02 1.199795423503516867e-01 0.000000000000000000e+00 3.724792264284274631e-06 1.770912057985924160e-01 7.129224301599367664e+02 2.792424377391947155e-02 0.000000000000000000e+00 3.165932915405428048e+03 1.582036045668621114e+02 4.142719056625116924e-06 4.784043032056404382e-03 1.727806683360703048e-06 1.950793454514669970e-03 0.000000000000000000e+00 1.154015924816583993e+00 1.182806349835105939e+05 1.000000000000000000e+00 4.469353660347871482e+04 6.226824286875562109e+01
8.513935618280261963e-02 1.213510499127658654e-01 0.000000000000000000e+00 3.651995558169136510e-06 1.770917966150612477e-01 7.129224546634608259e+02 2.803455527633266428e-02 0.000000000000000000e+00 3.165941481453709002e+03 1.582035546907856371e+02 4.142716077187602483e-06 4.784039240278992362e-03 1.699157946179183563e-06 1.918447376963266148e-03 0.000000000000000000e+00 1.113727809716434924e+00 1.160763537055937777e+05 1.000000000000000000e+00 4.469350842285787803e+04 6.226820360675319677e+01
8.513933097162923458e-02 1.226951147457052554e-01 0.000000000000000000e+00 3.577190295137737169e-06 1.770918903580305792e-01 7.129226383098305178e+02 2.800712572851285498e-02 0.000000000000000000e+00 3.165942528697996295e+03 1.582035389841631741e+02 4.142715138924311806e-06 4.784038046199477409e-03 1.683777693756758243e-06 1.901082184408222102e-03 0.000000000000000000e+00 1.093533501330257174e+00 1.150127571112641454e+05 1.000000000000000000e+00 4.469349954841722501e+04 6.226819124264267913e+01
8.513930469329286654e-02 1.240110430536955494e-01 0.000000000000000000e+00 3.500662011223763814e-06 1.770917821560126226e-01 7.129230369343654274e+02 2.791499709782205643e-02 0.000000000000000000e+00 3.165940519782197498e+03 1.582035371216372823e+02 4.142715027662987657e-06 4.784037904602907003e-03 1.676485014141353511e-06 1.892848328273383880e-03 0.000000000000000000e+00 1.084364813494390400e+00 1.145444759169716126e+05 9.999999999999998890e-01 4.469349849606654607e+04 6.226818977647928222e+01
8.513927739571888753e-02 1.252982459965919781e-01 0.000000000000000000e+00 3.422689664403177575e-06 1.770914732353267851e-01 7.129232820600537934e+02 2.769650921917896774e-02 0.000000000000000000e+00 3.165934732439549407e+03 1.582035305094289015e+02 4.142714632670877077e-06 4.784037401916743475e-03 1.673358149177065520e-06 1.889317917282253793e-03 0.000000000000000000e+00 1.080551259520754037e+00 1.143547270802356361e+05 1.000000000000000000e+00 4.469349476008536294e+04 6.226818457140934271e+01
8.513924912783264742e-02 1.265562369273089682e-01 0.000000000000000000e+00 3.343543934508394857e-06 1.770912712921179077e-01 7.129233716583268006e+02 2.755105817497032969e-02 0.000000000000000000e+00 3.165929969264041574e+03 1.582035017024549006e+02 4.142712911834860331e-06 4.784035211897248729e-03 1.672135241808441158e-06 1.887937184291020500e-03 0.000000000000000000e+00 1.079093574546990064e+00 1.142838498824193375e+05 1.000000000000000000e+00 4.469347848378331400e+04 6.226816189482552488e+01
8.513921993937163812e-02 1.277846280391889411e-01 0.000000000000000000e+00 3.263485747946022551e-06 1.770912421261410241e-01 7.129233747388409483e+02 2.752590533428501962e-02 0.000000000000000000e+00 3.165928839733021050e+03 1.582034865083972761e+02 4.142712004190815433e-06 4.784034056785408349e-03 1.671693375014573648e-06 1.887438291181307761e-03 0.000000000000000000e+00 1.078577106799073038e+00 1.142593267571944598e+05 1.000000000000000000e+00 4.469346989895115257e+04 6.226814993420538258e+01
8.513918988068426563e-02 1.289831265067434285e-01 0.000000000000000000e+00 3.182765028429824356e-06 1.770912978785194047e-01 7.129233611955307879e+02 2.749809490256605038e-02 0.000000000000000000e+00 3.165929282693096411e+03 1.582034726728597889e+02 4.142711177700453417e-06 4.784033004953715425e-03 1.671549744915355082e-06 1.887276124510623180e-03 0.000000000000000000e+00 1.078413351872703485e+00 1.142518316981081007e+05 1.000000000000000000e+00 4.469346208170053433e+04 6.226813904300059477e+01
8.513915900254198643e-02 1.301515302033309784e-01 0.000000000000000000e+00 3.101619670483023579e-06 1.770913627779257815e-01 7.129233016569660322e+02 2.745840380322479499e-02 0.000000000000000000e+00 3.165929367060467484e+03 1.582034457920605064e+02 4.142709571928427144e-06 4.784030961370499581e-03 1.671508121504986144e-06 1.887229129278295350e-03 0.000000000000000000e+00 1.078368765716575695e+00 1.142499948645033583e+05 1.000000000000000000e+00 4.469344689371684217e+04 6.226811788269131398e+01
8.513912735594440784e-02 1.312897230771448709e-01 0.000000000000000000e+00 3.020274728591135324e-06 1.770917360679586938e-01 7.129231493509205393e+02 2.691322807513999923e-02 0.000000000000000000e+00 3.165939925210516776e+03 1.582035428523238352e+02 4.142715369995824777e-06 4.784038340272325079e-03 1.671508151190500495e-06 1.887229162794953983e-03 0.000000000000000000e+00 1.078367053414895693e+00 1.142500522506564303e+05 1.000000000000000000e+00 4.469350173397691105e+04 6.226819428762349418e+01
8.513909499194051433e-02 1.323976702639368119e-01 0.000000000000000000e+00 2.938941811661002578e-06 1.770948921375049556e-01 7.129224475853893637e+02 2.359195000006271761e-02 0.000000000000000000e+00 3.166022480849419480e+03 1.582041957866086364e+02 4.142754374267335715e-06 4.784087979040753218e-03 1.671550943224635297e-06 1.887277477470953105e-03 0.000000000000000000e+00 1.078386978289253451e+00 1.142512744671404362e+05 1.000000000000000000e+00 4.469387065087072551e+04 6.226870827260852792e+01
8.513906196144291338e-02 1.334754130102698833e-01 0.000000000000000000e+00 2.857818669867926543e-06 1.771076091654523732e-01 7.129194632501373690e+02 1.080187861722891295e-02 0.000000000000000000e+00 3.166357062641879111e+03 1.582068747428717188e+02 4.142914408294473049e-06 4.784291647010084809e-03 1.671728840736145140e-06 1.887478334027632753e-03 0.000000000000000000e+00 1.078466447491425173e+00 1.142557389854468784e+05 1.000000000000000000e+00 4.469538431411911733e+04 6.227081714914717736e+01
8.513902831505827662e-02 1.345230634761904742e-01 0.000000000000000000e+00 2.777088959004348168e-06 1.771550238185693738e-01 7.129087193046257198e+02 -3.512519322818089679e-02 0.000000000000000000e+00 3.167593597397868962e+03 1.582165862378445809e+02 4.143494568216287323e-06 4.785029999884869885e-03 1.672368926662781054e-06 1.888201027977154606e-03 0.000000000000000000e+00 1.078723508822756916e+00 1.142698156187755230e+05 1.000000000000000000e+00 4.470087171563805896e+04 6.227846234521951629e+01
8.513899410292302683e-02 1.355407994802434735e-01 0.000000000000000000e+00 2.696922166107339940e-06 1.773141873342362063e-01 7.128727891926765778e+02 -1.864778917241051437e-01 0.000000000000000000e+00 3.171735004046992799e+03 1.582489082295307128e+02 4.145425693114779817e-06 4.787487799346105792e-03 1.674492451649849241e-06 1.890598610232834594e-03 0.000000000000000000e+00 1.079546114732962359e+00 1.143145445810337696e+05 1.000000000000000000e+00 4.471913742114006891e+04 6.230391061968611410e+01
8.513895937454497853e-02 1.365288592436539605e-01 0.000000000000000000e+00 2.617473679311478423e-06 1.778224441467895212e-01 7.127613276038429149e+02 -6.574294080707093757e-01 0.000000000000000000e+00 3.184841663833520215e+03 1.583487550304894000e+02 4.151393371925610034e-06 4.795084130437641395e-03 1.681178726989996870e-06 1.898147800946272832e-03 0.000000000000000000e+00 1.082030810501699802e+00 1.144490828109097638e+05 1.000000000000000000e+00 4.477558610661776038e+04 6.238255645360460022e+01
8.513892417866043838e-02 1.374875361841040589e-01 0.000000000000000000e+00 2.538884984558043207e-06 1.792530498140523509e-01 7.124557127514959802e+02 -1.950024319076141266e+00 0.000000000000000000e+00 3.221487620289630740e+03 1.586203758017265955e+02 4.167644380501995951e-06 4.815778585398093441e-03 1.699868400996264860e-06 1.919249521450978792e-03 0.000000000000000000e+00 1.088798935245790300e+00 1.148150819546595740e+05 1.000000000000000000e+00 4.492932789193032659e+04 6.259675366318889900e+01
8.513888856309742570e-02 1.384171738029858767e-01 0.000000000000000000e+00 2.461283971885173179e-06 1.831019936273306781e-01 7.116427172405539068e+02 -5.302715043727080690e+00 0.000000000000000000e+00 3.320332150452752103e+03 1.593339221005890352e+02 4.210451490004981154e-06 4.870348585055153667e-03 1.747374257945575165e-06 1.972886375434878582e-03 0.000000000000000000e+00 1.102930168360744645e+00 1.155726726663041627e+05 1.000000000000000000e+00 4.533446202135103522e+04 6.316119747950634178e+01
8.513885257465010625e-02 1.393181607038617431e-01 0.000000000000000000e+00 2.384785334468784426e-06 1.874329367375523470e-01 7.108903590162543651e+02 -9.590493175517885049e+00 0.000000000000000000e+00 3.429412521972887589e+03 1.600482491563172971e+02 4.253472479561946886e-06 4.925276113520722469e-03 1.799620528480455325e-06 2.031875429918683813e-03 0.000000000000000000e+00 1.116347145241047389e+00 1.162690798946804571e+05 1.000000000000000000e+00 4.574186081786183058e+04 6.372879649120769585e+01
8.513881625896745076e-02 1.401909257735294290e-01 0.000000000000000000e+00 2.309491044316747750e-06 1.906426096806862203e-01 7.102044746773815405e+02 -1.062874239712551727e+01 0.000000000000000000e+00 3.511185301144829282e+03 1.605760999149197232e+02 4.285369426241388647e-06 4.966055604965181718e-03 1.840777216261699891e-06 2.078343705511292040e-03 0.000000000000000000e+00 1.128459384807774413e+00 1.168704391958292399e+05 1.000000000000000000e+00 4.604407832836837042e+04 6.414985409312383524e+01
8.513877966045127477e-02 1.410359335514456414e-01 0.000000000000000000e+00 2.235490889479028800e-06 1.905053378904894290e-01 7.102010167346240905e+02 -1.123038890137951817e+01 0.000000000000000000e+00 3.507209033253042435e+03 1.605429610705018320e+02 4.283364257658045265e-06 4.963490675585737616e-03 1.840593775987513760e-06 2.078136590855687253e-03 0.000000000000000000e+00 1.129025155718528239e+00 1.168564847553119471e+05 1.000000000000000000e+00 4.602507562372263055e+04 6.412337901153559017e+01
8.513874282216425671e-02 1.418536798077456029e-01 0.000000000000000000e+00 2.162863058744257048e-06 1.903480815578336149e-01 7.102962984140095841e+02 -1.121006451532460879e+01 0.000000000000000000e+00 3.501332833713263426e+03 1.604746599176167479e+02 4.279232605199245069e-06 4.958206213807964981e-03 1.837076417341600191e-06 2.074165289963226817e-03 0.000000000000000000e+00 1.125417054200915201e+00 1.166097257701346534e+05 1.000000000000000000e+00 4.598592227799064131e+04 6.406882951229157186e+01
8.513870578575935544e-02 1.426446873451318320e-01 0.000000000000000000e+00 2.091674761020693069e-06 1.883180955650700927e-01 7.106435265950827898e+02 -9.763828794872837946e+00 0.000000000000000000e+00 3.450619916121884216e+03 1.601646073477308505e+02 4.260496001848330086e-06 4.934251527832266351e-03 1.812816560990579162e-06 2.046774512144851170e-03 0.000000000000000000e+00 1.118520611821524957e+00 1.161935941850076342e+05 1.000000000000000000e+00 4.580839544080858468e+04 6.382149432574216519e+01
8.513866859140249710e-02 1.434095020354245464e-01 0.000000000000000000e+00 2.021982867878291932e-06 1.867502031075291835e-01 7.109861695570137954e+02 -7.797412921788025031e+00 0.000000000000000000e+00 3.409849129082294894e+03 1.598825470639442017e+02 4.243478098491955115e-06 4.912508108228692827e-03 1.793203551528028382e-06 2.024630292625767720e-03 0.000000000000000000e+00 1.111834779700552334e+00 1.157901850718948554e+05 1.000000000000000000e+00 4.564719438509704196e+04 6.359690465907960544e+01
8.513863127773009520e-02 1.441486890974213730e-01 0.000000000000000000e+00 1.953834569032633821e-06 1.850623813124501471e-01 7.113117284765827435e+02 -7.271153696605045624e+00 0.000000000000000000e+00 3.367949779238013889e+03 1.596201623561378824e+02 4.227670568165783141e-06 4.892323043600549023e-03 1.771701604087238687e-06 2.000353353121619472e-03 0.000000000000000000e+00 1.104433911936097301e+00 1.153632018098745611e+05 1.000000000000000000e+00 4.549749326892825775e+04 6.338833701893013739e+01
8.513859388179653709e-02 1.448628296192767118e-01 0.000000000000000000e+00 1.887268031834270161e-06 1.848966699973844385e-01 7.113581294152636474e+02 -6.835025173170117263e+00 0.000000000000000000e+00 3.363253872731730098e+03 1.595803078469723459e+02 4.225271473794499308e-06 4.889260576678143913e-03 1.769089414224497890e-06 1.997404040021225416e-03 0.000000000000000000e+00 1.102395083208476123e+00 1.152170028100580093e+05 1.000000000000000000e+00 4.547477616524012410e+04 6.335668693622852743e+01
8.513855643904592874e-02 1.455525173254420268e-01 0.000000000000000000e+00 1.822313057071543515e-06 1.848803285519838857e-01 7.113194344356796819e+02 -6.656418447706712094e+00 0.000000000000000000e+00 3.363840798458911195e+03 1.596012845776339191e+02 4.226534130893161549e-06 4.890872337617094973e-03 1.766886495509117841e-06 1.994916817664594243e-03 0.000000000000000000e+00 1.099246695874639856e+00 1.150210219481853565e+05 1.000000000000000000e+00 4.548673221219802508e+04 6.337334442391695433e+01
8.513851898329001522e-02 1.462183555855877393e-01 0.000000000000000000e+00 1.758991724584397316e-06 1.849363296018776137e-01 7.113348523433454602e+02 -6.699535228904263562e+00 0.000000000000000000e+00 3.364703179690576235e+03 1.595975720331205423e+02 4.226310650391921270e-06 4.890587063117294436e-03 1.768592612653937370e-06 1.996843122378426719e-03 0.000000000000000000e+00 1.100279527930168033e+00 1.150528709080602857e+05 1.000000000000000000e+00 4.548461606940554339e+04 6.337039615659776359e+01
8.513848154669283186e-02 1.468609546606445271e-01 0.000000000000000000e+00 1.697319023277273599e-06 1.850153451544163385e-01 7.113007152769250752e+02 -6.816749191100566208e+00 0.000000000000000000e+00 3.367065056148672284e+03 1.596194817911954829e+02 4.227629596313914833e-06 4.892270740422405458e-03 1.769687815303769230e-06 1.998079669372506036e-03 0.000000000000000000e+00 1.100263853573236750e+00 1.150291566060306504e+05 1.000000000000000000e+00 4.549710529873176711e+04 6.338779648836896286e+01
8.513844415977146751e-02 1.474809291795146082e-01 0.000000000000000000e+00 1.637303461156093917e-06 1.850476997172895155e-01 7.113052324835193758e+02 -6.924279555079234427e+00 0.000000000000000000e+00 3.367917026807929687e+03 1.596257181590320329e+02 4.228005048197428665e-06 4.892750031543409775e-03 1.769671201902648078e-06 1.998060911883906780e-03 0.000000000000000000e+00 1.099169601921061723e+00 1.149359308363126474e+05 1.000000000000000000e+00 4.550066053176202695e+04 6.339274973509336775e+01
8.513840685139517639e-02 1.480788958381568099e-01 0.000000000000000000e+00 1.578947651920452482e-06 1.851193720474474114e-01 7.112933968793330450e+02 -6.947321432478863912e+00 0.000000000000000000e+00 3.369715175673425165e+03 1.596374127443263262e+02 4.228709138737152196e-06 4.893648870800714097e-03 1.770207474611485171e-06 1.998666394719636821e-03 0.000000000000000000e+00 1.098622681220460473e+00 1.148884206110513478e+05 1.000000000000000000e+00 4.550732776375429239e+04 6.340203870286157439e+01
8.513836964880266978e-02 1.486554713120411264e-01 0.000000000000000000e+00 1.522248875480121949e-06 1.851399565448810791e-01 7.112852066920111156e+02 -6.931758005165344905e+00 0.000000000000000000e+00 3.370291106671093985e+03 1.596421787604660949e+02 4.228996096895802460e-06 4.894015207000197189e-03 1.770252049097102409e-06 1.998716721886222014e-03 0.000000000000000000e+00 1.097936978919814566e+00 1.148265890360823541e+05 1.000000000000000000e+00 4.551004507033681148e+04 6.340582452781720946e+01
8.513833257762092044e-02 1.492112703718304623e-01 0.000000000000000000e+00 1.467199610501235317e-06 1.851241221636160672e-01 7.112860823114616551e+02 -6.910933370838129086e+00 0.000000000000000000e+00 3.369962196388597022e+03 1.596412156726303522e+02 4.228938109521529552e-06 4.893941178919504822e-03 1.769848143960918032e-06 1.998260689678740733e-03 0.000000000000000000e+00 1.097191547142179147e+00 1.147649998366883228e+05 9.999999999999998890e-01 4.550949596684871358e+04 6.340505950200016372e+01
8.513829566188907405e-02 1.497469041915541199e-01 0.000000000000000000e+00 1.413788037714987746e-06 1.850795897303670889e-01 7.112928668349845793e+02 -6.878523293595915966e+00 0.000000000000000000e+00 3.368878065826910642e+03 1.596347365712403814e+02 4.228548011669672752e-06 4.893443174602817372e-03 1.769149919424154985e-06 1.997472353883297802e-03 0.000000000000000000e+00 1.096359515602697954e+00 1.146956326211021806e+05 1.000000000000000000e+00 4.550580200030235574e+04 6.339991296799238540e+01
8.513825892409181140e-02 1.502629788385622389e-01 0.000000000000000000e+00 1.361998513287852976e-06 1.849839017004003272e-01 7.113132664315475040e+02 -6.816768042244328640e+00 0.000000000000000000e+00 3.366420077799356932e+03 1.596177572359977717e+02 4.227525774099811266e-06 4.892138205099277708e-03 1.767732272175099283e-06 1.995871748328925926e-03 0.000000000000000000e+00 1.095341894822363438e+00 1.146217787121708388e+05 1.000000000000000000e+00 4.549612218758914969e+04 6.338642679136022906e+01
8.513822238519695718e-02 1.507600939337042645e-01 0.000000000000000000e+00 1.311812012012195406e-06 1.849029458283856509e-01 7.113324082867303559e+02 -6.763591497580968337e+00 0.000000000000000000e+00 3.364373004494065754e+03 1.596041473783064362e+02 4.226706463249168249e-06 4.891092322699539495e-03 1.766257123683072073e-06 1.994206220552932791e-03 0.000000000000000000e+00 1.094094335174939703e+00 1.145367018306233367e+05 9.999999999999998890e-01 4.548836403635030729e+04 6.337561792541975336e+01
8.513818606469265859e-02 1.512388414708346895e-01 0.000000000000000000e+00 1.263206540477878667e-06 1.848397604640952818e-01 7.113401688421173503e+02 -6.716790411945074979e+00 0.000000000000000000e+00 3.362888719612366913e+03 1.595962077139868995e+02 4.226228524905508719e-06 4.890482229907206803e-03 1.765566992275639762e-06 1.993427022367545622e-03 0.000000000000000000e+00 1.093565725897215346e+00 1.144869765645907464e+05 9.999999999999998890e-01 4.548383842265367275e+04 6.336931271813011080e+01
8.513814998063690132e-02 1.516998047844764774e-01 0.000000000000000000e+00 1.216157520695039194e-06 1.847999753376138865e-01 7.113470786356228928e+02 -6.672709923829102330e+00 0.000000000000000000e+00 3.361864683759563377e+03 1.595890824761265492e+02 4.225799629545688779e-06 4.889934749871076985e-03 1.765040975003095400e-06 1.992833118511215442e-03 0.000000000000000000e+00 1.092965391017970633e+00 1.144335911877618200e+05 1.000000000000000000e+00 4.547977722423558589e+04 6.336365454675559761e+01
8.513811414969910119e-02 1.521435576546995572e-01 0.000000000000000000e+00 1.170638144919343035e-06 1.847528741694848264e-01 7.113565392809787227e+02 -6.634245845116643281e+00 0.000000000000000000e+00 3.360875233750739881e+03 1.595859345979878299e+02 4.225610151984762109e-06 4.889692886614206702e-03 1.764149029323764424e-06 1.991826060366471297e-03 0.000000000000000000e+00 1.092088155964556329e+00 1.143703975143505086e+05 9.999999999999998890e-01 4.547798307413081056e+04 6.336115488834954590e+01
8.513807858721920974e-02 1.525706635388575927e-01 0.000000000000000000e+00 1.126619702619309877e-06 1.847231133982090157e-01 7.113636300593217356e+02 -6.598480642774919858e+00 0.000000000000000000e+00 3.359870585459890663e+03 1.595749337531629237e+02 4.224948012880623817e-06 4.888847695937174193e-03 1.763446620056855445e-06 1.991032999769199504e-03 0.000000000000000000e+00 1.091237041134051511e+00 1.143083671508874977e+05 1.000000000000000000e+00 4.547171336129703559e+04 6.335241975501439526e+01
8.513804330724782099e-02 1.529816749198488202e-01 0.000000000000000000e+00 1.084071880694834662e-06 1.846654612222466962e-01 7.113698252221207667e+02 -6.565279488739196090e+00 0.000000000000000000e+00 3.358727319092638027e+03 1.595726853864591419e+02 4.224812688911856432e-06 4.888674963476559790e-03 1.762707159755384727e-06 1.990198106415750658e-03 0.000000000000000000e+00 1.090699255748390550e+00 1.142642894782178482e+05 1.000000000000000000e+00 4.547043200258191791e+04 6.335063453142864631e+01
8.513800832260773332e-02 1.533771327613582813e-01 0.000000000000000000e+00 1.042963038158513718e-06 1.846359098001061627e-01 7.113820558187697998e+02 -6.533112821068550069e+00 0.000000000000000000e+00 3.357677368978485902e+03 1.595605094316302655e+02 4.224079875169602975e-06 4.887739587829900527e-03 1.761778847461538555e-06 1.989149988264558681e-03 0.000000000000000000e+00 1.089643643960564789e+00 1.141955733254392835e+05 9.999999999999998890e-01 4.546349316085959435e+04 6.334096714964530861e+01
8.513797364495022391e-02 1.537575660605887684e-01 0.000000000000000000e+00 1.003260456592430419e-06 1.845770739280883921e-01 7.113874500717452065e+02 -6.502281891759654542e+00 0.000000000000000000e+00 3.356542683099714395e+03 1.595589708620303782e+02 4.223987279312799781e-06 4.887621398692862558e-03 1.761337525148433461e-06 1.988651709905048075e-03 0.000000000000000000e+00 1.089413059300017084e+00 1.141636238961129275e+05 9.999999999999998890e-01 4.546261639741118415e+04 6.333974561911778522e+01
8.513793928479959638e-02 1.541234914901109532e-01 0.000000000000000000e+00 9.649305677089190280e-07 1.845548751446149938e-01 7.113944151081897189e+02 -6.469362351379885467e+00 0.000000000000000000e+00 3.355663590393640789e+03 1.595476694669602011e+02 4.223307150263271149e-06 4.886753295614447608e-03 1.760764821265056637e-06 1.988005094170877413e-03 0.000000000000000000e+00 1.088709857074218412e+00 1.141133155291375297e+05 1.000000000000000000e+00 4.545617648631855263e+04 6.333077336096943100e+01
8.513790525161547829e-02 1.544754131200272440e-01 0.000000000000000000e+00 9.279391594007697244e-07 1.845040291987876668e-01 7.114010289743888507e+02 -6.441911951551329452e+00 0.000000000000000000e+00 3.354747392523361668e+03 1.595478670037504116e+02 4.223319037862809990e-06 4.886768468525727431e-03 1.760069920899116406e-06 1.987220511556125630e-03 0.000000000000000000e+00 1.088154693204781864e+00 1.140687212582885841e+05 1.000000000000000000e+00 4.545628904544006218e+04 6.333093018137900287e+01
8.513787155384998362e-02 1.548138222132927899e-01 0.000000000000000000e+00 8.922515616385301330e-07 1.844934485722005690e-01 7.114056880868356529e+02 -6.411662979642986038e+00 0.000000000000000000e+00 3.354098791223536409e+03 1.595370173939193705e+02 4.222666136264165235e-06 4.885935137643073259e-03 1.759471973184247376e-06 1.986545394079418554e-03 0.000000000000000000e+00 1.087379823659722078e+00 1.140196925504071842e+05 1.000000000000000000e+00 4.545010699812095845e+04 6.332231718600771586e+01
8.513783819899435612e-02 1.551391970864301473e-01 0.000000000000000000e+00 8.578328135795746569e-07 1.844441131370998521e-01 7.114080393079783562e+02 -6.389204858343195959e+00 0.000000000000000000e+00 3.353435986222819793e+03 1.595425866094867615e+02 4.223001272519128293e-06 4.886362886319916762e-03 1.758900329715199081e-06 1.985899975614219357e-03 0.000000000000000000e+00 1.086982938353343808e+00 1.139846303882062202e+05 9.999999999999998890e-01 4.545328025365283247e+04 6.332673825135988466e+01
8.513780519363554899e-02 1.554520030293415900e-01 0.000000000000000000e+00 8.246478132045010937e-07 1.844460472026721587e-01 7.114125865157445787e+02 -6.365912296006569271e+00 0.000000000000000000e+00 3.352827490804527315e+03 1.595272747150365262e+02 4.222079879708760062e-06 4.885186885832062779e-03 1.758426543742146350e-06 1.985365043909201148e-03 0.000000000000000000e+00 1.086205113107075126e+00 1.139349494787548610e+05 1.000000000000000000e+00 4.544455603215488372e+04 6.331458343023004431e+01
8.513777254350993196e-02 1.557526922776017453e-01 0.000000000000000000e+00 7.926614507693411507e-07 1.843879622442673172e-01 7.114132666573952974e+02 -6.346218138257202490e+00 0.000000000000000000e+00 3.352310573417164960e+03 1.595400996163374998e+02 4.222851612564919375e-06 4.886171868308549979e-03 1.758009140275457293e-06 1.984893771307612992e-03 0.000000000000000000e+00 1.086035902407686882e+00 1.139083650563397678e+05 1.000000000000000000e+00 4.545186318855517311e+04 6.332476395797502988e+01
8.513774025355452801e-02 1.560417040315936199e-01 0.000000000000000000e+00 7.618387273105235879e-07 1.843904729925809338e-01 7.114164803189778468e+02 -6.327958949519151055e+00 0.000000000000000000e+00 3.351752820792411057e+03 1.595257409375349766e+02 4.221987588914286365e-06 4.885069094550138248e-03 1.757754490139004892e-06 1.984606256608100090e-03 0.000000000000000000e+00 1.085450982316972901e+00 1.138650596755665320e+05 9.999999999999998890e-01 4.544368218155272189e+04 6.331336595795863076e+01
8.513770832795375387e-02 1.563194645173705544e-01 0.000000000000000000e+00 7.321448593774579326e-07 1.843534851736124969e-01 7.114191179074077809e+02 -6.309532689469584454e+00 0.000000000000000000e+00 3.351251042884011440e+03 1.595298007486532015e+02 4.222231878430841416e-06 4.885380883544474494e-03 1.757403330845747690e-06 1.984209777501163511e-03 0.000000000000000000e+00 1.085226172503858333e+00 1.138413838111843943e+05 1.000000000000000000e+00 4.544599522661606898e+04 6.331658855484212722e+01
8.513767677018627134e-02 1.565863870837181093e-01 0.000000000000000000e+00 7.035453711194638992e-07 1.843500047797965447e-01 7.114233189311595424e+02 -6.294118987967487477e+00 0.000000000000000000e+00 3.350718388881786268e+03 1.595186280413637121e+02 4.221559600226578285e-06 4.884522855192030555e-03 1.756562164656979734e-06 1.983260052331669524e-03 0.000000000000000000e+00 1.084212802251894647e+00 1.137873964195877634e+05 1.000000000000000000e+00 4.543962980749813141e+04 6.330772008092578318e+01
8.513764558308052621e-02 1.568428723317794315e-01 0.000000000000000000e+00 6.760061747884412639e-07 1.843118370076637369e-01 7.114218884202068693e+02 -6.272434246554178472e+00 0.000000000000000000e+00 3.350161847810602922e+03 1.595218943231028561e+02 4.221756132974168858e-06 4.884773687697590086e-03 1.755825613887953362e-06 1.982428444008254697e-03 0.000000000000000000e+00 1.083681378317042476e+00 1.137557762984516885e+05 1.000000000000000000e+00 4.544149065791285830e+04 6.331031266800597734e+01
8.513761476884582069e-02 1.570893082720926925e-01 0.000000000000000000e+00 6.494936406504597845e-07 1.842934711475197329e-01 7.114226197643773730e+02 -6.258154895910028159e+00 0.000000000000000000e+00 3.349698660600030962e+03 1.595188142106554494e+02 4.221570801971923525e-06 4.884537151804265766e-03 1.755555660887175809e-06 1.982123651491814621e-03 0.000000000000000000e+00 1.083389161167044312e+00 1.137312553958829376e+05 1.000000000000000000e+00 4.543973586995288497e+04 6.330786785000367445e+01
8.513758432912774121e-02 1.573260705064422060e-01 0.000000000000000000e+00 6.239746572528331413e-07 1.842666147308529845e-01 7.114276018043417480e+02 -6.240815071411388359e+00 0.000000000000000000e+00 3.349185427748577240e+03 1.595182166240921617e+02 4.221534845424200270e-06 4.884491261045700167e-03 1.757302027275769510e-06 1.984095399924588627e-03 0.000000000000000000e+00 1.084353289087420125e+00 1.137027709152020107e+05 1.000000000000000000e+00 4.543939541951927822e+04 6.330739352526019559e+01
8.513755426504100721e-02 1.575535224299078885e-01 0.000000000000000000e+00 5.994166829093007591e-07 1.842281015997995486e-01 7.114216801668426342e+02 -6.226920783971830353e+00 0.000000000000000000e+00 3.348727820337512640e+03 1.595239903073115499e+02 4.221882250550304560e-06 4.884934651056746339e-03 1.786969725691849922e-06 2.017591943512458703e-03 0.000000000000000000e+00 1.102749093412760617e+00 1.136882004146774416e+05 1.000000000000000000e+00 4.544268479208435747e+04 6.331197636800064288e+01
8.513752457721085465e-02 1.577720154510677264e-01 0.000000000000000000e+00 5.757877892308007248e-07 1.841178522195776324e-01 7.113880103701727649e+02 -6.214281509224354849e+00 0.000000000000000000e+00 3.348209318784483003e+03 1.595593903192076652e+02 4.224012523460819305e-06 4.887653620225864207e-03 2.236041861359312201e-06 2.524620299926173730e-03 0.000000000000000000e+00 1.382016286248348713e+00 1.137965597715045442e+05 1.000000000000000000e+00 4.546285542685227119e+04 6.334007864139396560e+01
8.513749526581305960e-02 1.579818892266306452e-01 0.000000000000000000e+00 5.530566974475087743e-07 1.832604230373380827e-01 7.110380133655537520e+02 -6.195318905268297094e+00 0.000000000000000000e+00 3.347570673771858310e+03 1.599169701069188250e+02 4.245553601274175449e-06 4.915159224769363386e-03 7.071644067239151344e-06 7.984294245346241006e-03 0.000000000000000000e+00 4.448993875539440701e+00 1.152949017707315652e+05 9.999999999999998890e-01 4.566685237174495705e+04 6.362429269725978287e+01
8.513746633060606528e-02 1.581834719086775143e-01 0.000000000000000000e+00 5.311928082317576929e-07 1.774348976037690706e-01 7.084801808160341352e+02 -5.968659728706644962e+00 0.000000000000000000e+00 3.346303153246680722e+03 1.624901872154081275e+02 4.401785864429399444e-06 5.115283985721764612e-03 4.627453887642467490e-05 5.224662482218699056e-02 0.000000000000000000e+00 3.357778878419367175e+01 1.287505333681078191e+05 9.999999999999994449e-01 4.714832310946140205e+04 6.568831776015673540e+01
8.513743777096412224e-02 1.583770804017518297e-01 0.000000000000000000e+00 5.101662256599270610e-07 1.572624783311877827e-01 6.976567378972035840e+02 -4.712454848267634944e+00 0.000000000000000000e+00 3.334557726635095605e+03 1.722941691651160738e+02 5.015772366532717900e-06 5.912267477735624194e-03 1.430643158172574482e-04 1.615278685738604780e-01 0.000000000000000000e+00 2.114334344544766111e+02 1.911054760573038657e+05 9.999999999999995559e-01 5.300942987196007743e+04 7.385417007578142545e+01
8.513740958591090036e-02 1.585630206278694221e-01 0.000000000000000000e+00 4.899477759201241005e-07 1.323966677290553950e-01 6.783501956729447784e+02 -3.933593293533721003e+00 0.000000000000000000e+00 3.296776778501807712e+03 1.867111534068460799e+02 5.967485039245122526e-06 7.178953632682189695e-03 2.771308222193039788e-04 3.128966910685482827e-01 0.000000000000000000e+00 6.526873697612492151e+02 2.772038950624574209e+05 9.999999999999993339e-01 6.225188358306218288e+04 8.673100632823727096e+01
8.513738177414910402e-02 1.587415877977660372e-01 0.000000000000000000e+00 4.705090213022203942e-07 1.147190455173526108e-01 6.586512986701579848e+02 -2.796691461140951240e+00 0.000000000000000000e+00 3.257453766064084448e+03 1.993817417443719080e+02 6.845341481894614537e-06 8.378662824330607509e-03 3.808478495932655526e-04 4.299992003199283874e-01 0.000000000000000000e+00 1.119053121776304124e+03 3.370813467053252971e+05 9.999999999999991118e-01 7.098764096610611887e+04 9.890189956490196721e+01
8.513735433408793629e-02 1.589130666862308972e-01 0.000000000000000000e+00 4.518222699831606219e-07 1.017630239056245417e-01 6.383902343983985475e+02 -2.024231763959782437e+00 0.000000000000000000e+00 3.237885123439350991e+03 2.110569871287477213e+02 7.683272663681843976e-06 9.549727270406366611e-03 4.109769327499369299e-04 4.640166739057117185e-01 0.000000000000000000e+00 1.578247081572249272e+03 3.907936983218754758e+05 9.999999999999988898e-01 7.954473538547212956e+04 1.108238747328837093e+02
8.513732726386935568e-02 1.590777319109152599e-01 0.000000000000000000e+00 4.338605820612395710e-07 9.100915835586405322e-02 6.164102159021084617e+02 -1.464774492864859834e+00 0.000000000000000000e+00 3.218745721214255354e+03 2.225178234916504039e+02 8.528795452749987957e-06 1.075524539409929148e-02 4.087690096133384616e-04 4.615238012687278291e-01 0.000000000000000000e+00 2.043143220988816893e+03 4.548895355072683888e+05 9.999999999999990008e-01 8.841818173475231742e+04 1.231865999578292161e+02
8.513730056139282021e-02 1.592358482120745655e-01 0.000000000000000000e+00 4.165977722650808429e-07 8.196810528833196885e-02 5.920582522016707117e+02 -9.705393169092535466e-01 0.000000000000000000e+00 3.206738255012455738e+03 2.340309664237028073e+02 9.397552465978745162e-06 1.201710186335814591e-02 3.790589522746163546e-04 4.279794320127287000e-01 0.000000000000000000e+00 2.511995564092221684e+03 5.431965545617545722e+05 9.999999999999987788e-01 9.780445222359342733e+04 1.362638056311323282e+02
8.513727422433998993e-02 1.593876707334343779e-01 0.000000000000000000e+00 4.000084097193821098e-07 7.386554975436528114e-02 5.640021031510930243e+02 -6.760227467586888972e-01 0.000000000000000000e+00 3.193366449937280777e+03 2.460183093652659920e+02 1.031934807239116355e-05 1.337988385715799255e-02 3.250240326992558841e-04 3.669708895421044947e-01 0.000000000000000000e+00 2.987494124053509040e+03 6.789433199990874855e+05 9.999999999999987788e-01 1.080803723981138028e+05 1.505804952859218417e+02
8.513724825019668152e-02 1.595334453020665622e-01 0.000000000000000000e+00 3.840678151178036870e-07 6.656819147361846267e-02 5.297744718798097665e+02 -2.681991307984883388e-01 0.000000000000000000e+00 3.192180251045110708e+03 2.591041338585594076e+02 1.134211030394384289e-05 1.491852896126257162e-02 2.539151956041928474e-04 2.866849088828668513e-01 0.000000000000000000e+00 3.484177354109296175e+03 9.134364120232907590e+05 9.999999999999990008e-01 1.198838431832040660e+05 1.670254097276009588e+02
8.513722263626535836e-02 1.596734087069475172e-01 0.000000000000000000e+00 3.687520556205023564e-07 5.906646601932561552e-02 4.840128072811992297e+02 -2.702926199441524902e-01 0.000000000000000000e+00 3.176409878432212281e+03 2.743859017353168497e+02 1.255379709144359848e-05 1.677450280900042584e-02 1.699993700982702235e-04 1.919390992366531157e-01 0.000000000000000000e+00 3.997223738926923488e+03 1.388839735215691617e+06 9.999999999999986677e-01 1.344421840555410017e+05 1.873084836147152998e+02
8.513719737969595303e-02 1.598077889751666758e-01 0.000000000000000000e+00 3.540379377682545355e-07 5.206956814838840236e-02 4.139368508466611729e+02 1.208186462125296901e+00 0.000000000000000000e+00 3.208450949499314447e+03 2.937106754735652885e+02 1.410591906669615376e-05 1.919900294707704499e-02 9.133454105231253450e-05 1.031219676204692126e-01 0.000000000000000000e+00 4.670189606685997205e+03 2.662462122323357966e+06 9.999999999999987788e-01 1.540463587270321441e+05 2.146215494952727170e+02
8.513717247749534589e-02 1.599368056453290277e-01 0.000000000000000000e+00 3.399029986719757372e-07 4.452159138854787368e-02 2.585806502377981815e+02 1.434674965971974858e+00 0.000000000000000000e+00 3.282111698934629203e+03 3.212590395902358296e+02 1.634349351563996110e-05 2.277464641298947157e-02 4.892986004382307519e-06 5.524463565457921228e-03 0.000000000000000000e+00 1.171052480076585425e+03 1.065548112431765907e+07 9.999999999999991118e-01 1.842988759257870261e+05 2.567701739157589031e+02
8.785870525988649649e-02 9.447157852443756332e-02 0.000000000000000000e+00 4.558295890530819627e-06 1.769306749354231378e-01 7.129450619483875471e+02 1.494890282869240083e-01 0.000000000000000000e+00 3.159261605306522142e+03 1.581085098366955606e+02 4.137039899126910467e-06 4.776816205776598587e-03 3.626308726001085058e-06 4.094311820216242799e-03 0.000000000000000000e+00 3.773703184867875393e+01 1.841221754555128049e+06 1.000000000000000000e+00 4.463982300496511743e+04 6.219340763190083265e+01
8.785870366721361402e-02 9.612890537467894125e-02 0.000000000000000000e+00 4.552502830283819066e-06 1.768991039451377201e-01 7.129563137884824755e+02 1.875403708581509510e-01 0.000000000000000000e+00 3.159995396458557025e+03 1.581409801742461809e+02 4.138978724817463026e-06 4.779283227119205876e-03 3.205904705590873774e-06 3.619651420319710232e-03 0.000000000000000000e+00 1.819643149315163200e+01 1.004063664314167807e+06 1.000000000000000000e+00 4.465816001869880711e+04 6.221895525492264056e+01
8.785870048514989039e-02 9.778307720812869086e-02 0.000000000000000000e+00 4.540949711325024778e-06 1.769005925074741414e-01 7.129571985584242384e+02 1.881555740255607401e-01 0.000000000000000000e+00 3.160367140374249175e+03 1.581496164110114648e+02 4.139494459183100829e-06 4.779939492679697796e-03 2.931125604364674264e-06 3.309409957966488822e-03 0.000000000000000000e+00 1.135070943886299766e+01 6.850430503984732786e+05 1.000000000000000000e+00 4.466303780526798801e+04 6.222575111897445055e+01
8.785869572024739005e-02 9.943201029409762248e-02 0.000000000000000000e+00 4.523702107846061938e-06 1.769291903534034316e-01 7.129525830793596697e+02 1.646496609830100932e-01 0.000000000000000000e+00 3.161337556795285764e+03 1.581611114210867868e+02 4.140180950670858893e-06 4.780813063664252766e-03 2.714047759539479841e-06 3.064316543938564417e-03 0.000000000000000000e+00 7.765634152779443689e+00 5.062428833106249222e+05 1.000000000000000000e+00 4.466953065348826931e+04 6.223479713055946405e+01
8.785868938230444181e-02 1.010736505301689236e-01 0.000000000000000000e+00 4.500857318863444147e-06 1.770020320297750471e-01 7.129390078622960800e+02 1.008281795317289564e-01 0.000000000000000000e+00 3.163398476329019104e+03 1.581800987353396408e+02 4.141314984679556525e-06 4.782256187199422116e-03 2.549353003832038752e-06 2.878366660470092937e-03 0.000000000000000000e+00 5.750493621261287380e+00 3.992577938824180164e+05 9.999999999999998890e-01 4.468025649271751172e+04 6.224974065959864333e+01
8.785868148431763558e-02 1.027059847578156576e-01 0.000000000000000000e+00 4.472543120930615288e-06 1.770581139476758159e-01 7.129294668305890355e+02 5.684120305057574485e-02 0.000000000000000000e+00 3.164847285804331477e+03 1.581912582159653198e+02 4.141981550208717065e-06 4.783104457981986364e-03 2.415032987138989718e-06 2.726711610227183606e-03 0.000000000000000000e+00 4.482663337596710207e+00 3.286464078312782221e+05 1.000000000000000000e+00 4.468656102848253795e+04 6.225852430918256886e+01
8.785867204244192374e-02 1.043270515567064349e-01 0.000000000000000000e+00 4.438916149759178690e-06 1.770763064502932360e-01 7.129253794771670982e+02 4.063095451981173223e-02 0.000000000000000000e+00 3.165390439184024672e+03 1.581967050333498150e+02 4.142306908359056624e-06 4.783518515986849226e-03 2.305150319633470806e-06 2.602647737457901202e-03 0.000000000000000000e+00 3.633215053276791284e+00 2.790951621220781235e+05 9.999999999999998890e-01 4.468963836322980933e+04 6.226281173510573552e+01
8.785866107591026875e-02 1.059349513892730160e-01 0.000000000000000000e+00 4.400159946999247307e-06 1.770828842336508446e-01 7.129237579546102097e+02 3.371992834080461687e-02 0.000000000000000000e+00 3.165587210848252653e+03 1.581986837406574580e+02 4.142425106155101631e-06 4.783668938339720629e-03 2.215357024215865881e-06 2.501265925101873056e-03 0.000000000000000000e+00 3.034441579816696599e+00 2.425557872247048363e+05 1.000000000000000000e+00 4.469075631656529731e+04 6.226436929790116892e+01
8.785864860696503131e-02 1.075278559815139728e-01 0.000000000000000000e+00 4.356482715041872021e-06 1.770881335117641397e-01 7.129232383788078096e+02 3.158660640657475621e-02 0.000000000000000000e+00 3.165719284459777555e+03 1.581996391204180554e+02 4.142482176091966893e-06 4.783741567625869259e-03 2.137886156885486622e-06 2.413796845164226535e-03 0.000000000000000000e+00 2.589572331367299807e+00 2.145027831713996129e+05 9.999999999999998890e-01 4.469129610326877446e+04 6.226512134332213577e+01
8.785863466076482275e-02 1.091040168425591456e-01 0.000000000000000000e+00 4.308114827893606196e-06 1.770914710437125061e-01 7.129228034269539194e+02 3.095520180065541513e-02 0.000000000000000000e+00 3.165806929418333311e+03 1.582003382618650278e+02 4.142523939737161188e-06 4.783794717661724386e-03 2.065575858137709406e-06 2.332154344964616245e-03 0.000000000000000000e+00 2.244299808215860725e+00 1.924143104859839077e+05 9.999999999999998890e-01 4.469169111815807992e+04 6.226567168873969393e+01
8.785861926528011623e-02 1.106617728436091186e-01 0.000000000000000000e+00 4.255306149784870799e-06 1.770925067498759220e-01 7.129225767690671773e+02 3.016645322739837029e-02 0.000000000000000000e+00 3.165851698349044000e+03 1.582009942321192284e+02 4.142563124671831390e-06 4.783844586003907495e-03 1.999738363261207626e-06 2.257820013870984882e-03 0.000000000000000000e+00 1.974090450524627949e+00 1.748211830393060809e+05 9.999999999999998890e-01 4.469206174291254138e+04 6.226618805316233107e+01
8.785860245117700640e-02 1.121995567960943629e-01 0.000000000000000000e+00 4.198323215158355495e-06 1.770922213053764405e-01 7.129226605798321543e+02 2.949265692013090800e-02 0.000000000000000000e+00 3.165877015139269133e+03 1.582017542822736687e+02 4.142608527085173463e-06 4.783902367051326432e-03 1.947372613243287188e-06 2.198696060155855107e-03 0.000000000000000000e+00 1.764813719665363712e+00 1.604904884048899694e+05 1.000000000000000000e+00 4.469249117498018313e+04 6.226678634952273939e+01
8.785858425169316976e-02 1.137159009884232130e-01 0.000000000000000000e+00 4.137446324090429542e-06 1.770904167376811666e-01 7.129230384766533462e+02 2.871517435360631740e-02 0.000000000000000000e+00 3.165885343085273234e+03 1.582027684039028088e+02 4.142669107029392904e-06 4.783979463820419407e-03 1.908940586571037533e-06 2.155304084191200266e-03 0.000000000000000000e+00 1.597396967764866726e+00 1.481888418670763785e+05 1.000000000000000000e+00 4.469306416189091397e+04 6.226758465036955670e+01
8.785856470249739369e-02 1.152094416601905785e-01 0.000000000000000000e+00 4.072966606047825173e-06 1.770893360310830666e-01 7.129230985667059031e+02 2.830455895851584705e-02 0.000000000000000000e+00 3.165899010958536564e+03 1.582035926278109059e+02 4.142718343424253709e-06 4.784042124402184369e-03 1.874558284526161085e-06 2.116484481034074626e-03 0.000000000000000000e+00 1.451478191617344260e+00 1.371210014320790651e+05 1.000000000000000000e+00 4.469352985776134301e+04 6.226823347043990253e+01
8.785854384154243024e-02 1.166789224114991863e-01 0.000000000000000000e+00 4.005183102399758157e-06 1.770894182360177871e-01 7.129229622757306970e+02 2.797720841157344887e-02 0.000000000000000000e+00 3.165909384613494694e+03 1.582038151001667359e+02 4.142731633221416987e-06 4.784059037650429010e-03 1.830269088616392616e-06 2.066479422992256211e-03 0.000000000000000000e+00 1.317753011006580266e+00 1.275004399898274423e+05 9.999999999999998890e-01 4.469365555758526898e+04 6.226840859883115087e+01
8.785852170891099433e-02 1.181231965626947100e-01 0.000000000000000000e+00 3.934399914376828314e-06 1.770898568806985873e-01 7.129226738236638994e+02 2.774664858448743637e-02 0.000000000000000000e+00 3.165916367863382220e+03 1.582037936475512652e+02 4.142730351709088379e-06 4.784057406734574386e-03 1.774751614604910232e-06 2.003796991007370312e-03 0.000000000000000000e+00 1.205084416044484463e+00 1.202468136999835697e+05 1.000000000000000000e+00 4.469364343656605342e+04 6.226839171149966035e+01
8.785849834664347102e-02 1.195412284959949389e-01 0.000000000000000000e+00 3.860923458506142767e-06 1.770908243287530048e-01 7.129224833306356004e+02 2.776184252973460526e-02 0.000000000000000000e+00 3.165930152950180855e+03 1.582037059384115594e+02 4.142725112240261520e-06 4.784050738728683021e-03 1.725368655735179430e-06 1.948040780630722231e-03 0.000000000000000000e+00 1.126621914298671978e+00 1.156358108446294355e+05 1.000000000000000000e+00 4.469359387972750119e+04 6.226832266757310208e+01
8.785847379856948081e-02 1.209320940247586712e-01 0.000000000000000000e+00 3.785059866118523921e-06 1.770915967215076769e-01 7.129224774740478097e+02 2.794411072002718141e-02 0.000000000000000000e+00 3.165940800927956388e+03 1.582036269744198762e+02 4.142720395181320668e-06 4.784044735568412053e-03 1.692241618518576504e-06 1.910638443904072665e-03 0.000000000000000000e+00 1.080494097675506415e+00 1.130727568154549517e+05 1.000000000000000000e+00 4.469354926403821446e+04 6.226826050778922195e+01
8.785844811012792632e-02 1.222949798484121581e-01 0.000000000000000000e+00 3.707112557603418825e-06 1.770918576349438389e-01 7.129225768012743174e+02 2.800179620838405201e-02 0.000000000000000000e+00 3.165944942644021467e+03 1.582036139135770156e+02 4.142719614968103976e-06 4.784043742630952369e-03 1.673599241862248469e-06 1.889590124836904288e-03 0.000000000000000000e+00 1.056505206334766411e+00 1.117940692803851853e+05 1.000000000000000000e+00 4.469354188449311187e+04 6.226825022640758078e+01
8.785842132817729688e-02 1.236291821610272651e-01 0.000000000000000000e+00 3.627380015905581792e-06 1.770918443879949677e-01 7.129229128224587839e+02 2.796370124943344318e-02 0.000000000000000000e+00 3.165944820653049646e+03 1.582036167826354927e+02 4.142719786356529448e-06 4.784043960748234417e-03 1.664410342992918420e-06 1.879215327736559948e-03 0.000000000000000000e+00 1.045250032191523903e+00 1.112137141093652317e+05 1.000000000000000000e+00 4.469354350554820849e+04 6.226825248490533937e+01
8.785839350081162125e-02 1.249341044894316244e-01 0.000000000000000000e+00 3.546153777543605804e-06 1.770916754305660312e-01 7.129232263958992917e+02 2.786522181967386949e-02 0.000000000000000000e+00 3.165941972871760299e+03 1.582036210986151730e+02 4.142720044179425747e-06 4.784044288866248079e-03 1.660337276315187017e-06 1.874616600407143013e-03 0.000000000000000000e+00 1.040423368435416496e+00 1.109716201053920086e+05 1.000000000000000000e+00 4.469354594413249288e+04 6.226825588240686216e+01
8.785836467716674758e-02 1.262092548421623328e-01 0.000000000000000000e+00 3.463716653356074576e-06 1.770913969882923766e-01 7.129233548645709106e+02 2.767523852024316583e-02 0.000000000000000000e+00 3.165936117664152334e+03 1.582035991770671899e+02 4.142718734655942885e-06 4.784042622302720274e-03 1.658690339632157309e-06 1.872757113849882280e-03 0.000000000000000000e+00 1.038520743311642791e+00 1.108784954247244605e+05 1.000000000000000000e+00 4.469353355817525880e+04 6.226823862595655612e+01
8.785833490722315398e-02 1.274542422540192455e-01 0.000000000000000000e+00 3.380341185470251791e-06 1.770912823071970621e-01 7.129233806383355159e+02 2.756913501174753506e-02 0.000000000000000000e+00 3.165932758925190228e+03 1.582035664828644030e+02 4.142716781608651562e-06 4.784040136759521063e-03 1.658078114967348547e-06 1.872065876872792706e-03 0.000000000000000000e+00 1.037827361294970663e+00 1.108453073268972657e+05 9.999999999999998890e-01 4.469351508553232998e+04 6.226821288937127719e+01
8.785830424161927832e-02 1.286687728124784602e-01 0.000000000000000000e+00 3.296288341710581924e-06 1.770913156257882815e-01 7.129233682879569187e+02 2.749655726532001382e-02 0.000000000000000000e+00 3.165932869303866028e+03 1.582035543582164792e+02 4.142716057320985959e-06 4.784039214995768931e-03 1.657869769413108944e-06 1.871830642718762434e-03 0.000000000000000000e+00 1.037596668540762046e+00 1.108346159092278976e+05 1.000000000000000000e+00 4.469350823495208169e+04 6.226820334495776166e+01
8.785827273145427330e-02 1.298526452515675333e-01 0.000000000000000000e+00 3.211806443975797281e-06 1.770915636334209065e-01 7.129232819334364422e+02 2.726346490226822308e-02 0.000000000000000000e+00 3.165938274889668719e+03 1.582035786402260840e+02 4.142717507850581417e-06 4.784041061010387008e-03 1.657808406412234664e-06 1.871761360349613428e-03 0.000000000000000000e+00 1.037530038486382367e+00 1.108317560224138433e+05 1.000000000000000000e+00 4.469352195459679933e+04 6.226822245953750468e+01
8.785824042810175261e-02 1.310057461971332327e-01 0.000000000000000000e+00 3.127130323055782286e-06 1.770927590372941285e-01 7.129228976618064735e+02 2.603882097409635984e-02 0.000000000000000000e+00 3.165970287099451525e+03 1.582038445184990110e+02 4.142733390581070903e-06 4.784061274153201919e-03 1.657812450401946237e-06 1.871765926247370097e-03 0.000000000000000000e+00 1.037525125378295776e+00 1.108317089678912162e+05 1.000000000000000000e+00 4.469367217934539076e+04 6.226843175671649533e+01
8.785820738302084487e-02 1.321280451437451819e-01 0.000000000000000000e+00 3.042480688964861502e-06 1.770991957792759086e-01 7.129214150576902966e+02 1.977156471675491078e-02 0.000000000000000000e+00 3.166139771460487282e+03 1.582052039423951157e+02 4.142814598648408142e-06 4.784164623710315638e-03 1.657892362832453892e-06 1.871856151993033695e-03 0.000000000000000000e+00 1.037552680121368365e+00 1.108333383676576632e+05 1.000000000000000000e+00 4.469444027581220143e+04 6.226950188946894116e+01
8.785817364758205517e-02 1.332195892392897540e-01 0.000000000000000000e+00 2.958063703166962733e-06 1.771242519067843801e-01 7.129156321642180956e+02 -4.189167247645046548e-03 0.000000000000000000e+00 3.166796781948127773e+03 1.582104263231082086e+02 4.143126574322410627e-06 4.784561662814771493e-03 1.658215146215858461e-06 1.872220593060217649e-03 0.000000000000000000e+00 1.037669083081724564e+00 1.108398753230514703e+05 1.000000000000000000e+00 4.469739106667795568e+04 6.227361301103700697e+01
8.785813927288858849e-02 1.342804979477764671e-01 0.000000000000000000e+00 2.874070737015657596e-06 1.772129382552939669e-01 7.128956267506099493e+02 -8.778250769158686684e-02 0.000000000000000000e+00 3.169107090159299332e+03 1.582285186431308546e+02 4.144207447009119660e-06 4.785937281592740102e-03 1.659347351461984758e-06 1.873498918120874599e-03 0.000000000000000000e+00 1.038059465718564445e+00 1.108613985073093208e+05 1.000000000000000000e+00 4.470761448571359506e+04 6.228785655468646354e+01
8.785810430961331352e-02 1.353109576550398652e-01 0.000000000000000000e+00 2.790678299315439698e-06 1.775028251136800683e-01 7.128312103368166390e+02 -3.576945563268679185e-01 0.000000000000000000e+00 3.176621644081576505e+03 1.582865919155639460e+02 4.147677597194809166e-06 4.790354081903232600e-03 1.663031976803957250e-06 1.877659072765882568e-03 0.000000000000000000e+00 1.039306030818933690e+00 1.109297711362885748e+05 1.000000000000000000e+00 4.474043782186479075e+04 6.233358691353809178e+01
8.785806880784151340e-02 1.363112162755993895e-01 0.000000000000000000e+00 2.708048115060223511e-06 1.783793935031260103e-01 7.126420543105921297e+02 -1.156542664183031865e+00 0.000000000000000000e+00 3.199150264824368151e+03 1.584561122004607228e+02 4.157813613143315820e-06 4.803258373172606885e-03 1.674132232513355349e-06 1.890191902040054463e-03 0.000000000000000000e+00 1.043002027353160166e+00 1.111322422837918130e+05 1.000000000000000000e+00 4.483632052443749853e+04 6.246717328562763782e+01
8.785803281692231015e-02 1.372815779123446045e-01 0.000000000000000000e+00 2.626327337067470530e-06 1.807931730719153640e-01 7.121303146407808526e+02 -3.323176312211584271e+00 0.000000000000000000e+00 3.261056845106124911e+03 1.589103517402381271e+02 4.185020439340699396e-06 4.837919199110566996e-03 1.704740445764062924e-06 1.924750341151847252e-03 0.000000000000000000e+00 1.053022975058731880e+00 1.116764520810826070e+05 9.999999999999998890e-01 4.509374980393965961e+04 6.282583071387693252e+01
8.785799638533059452e-02 1.382223976140862232e-01 0.000000000000000000e+00 2.545648872334678036e-06 1.860636994418815582e-01 7.109604020853607835e+02 -7.404005366067915261e+00 0.000000000000000000e+00 3.395674383337061499e+03 1.598439529740907403e+02 4.241151565536385840e-06 4.909536576176363500e-03 1.768915619938778186e-06 1.997207816243253518e-03 0.000000000000000000e+00 1.070744090495477030e+00 1.126264038551483973e+05 1.000000000000000000e+00 4.562515946854167851e+04 6.356620501792488653e+01
8.785795956054022471e-02 1.391340762695298661e-01 0.000000000000000000e+00 2.466131805419622720e-06 1.883154229856918160e-01 7.105363628937013800e+02 -1.084915419244901535e+01 0.000000000000000000e+00 3.451534882711860519e+03 1.601869772464838775e+02 4.261846780254747147e-06 4.935977956908038297e-03 1.798162811628052784e-06 2.030229583469779584e-03 0.000000000000000000e+00 1.079859270284442063e+00 1.130899582026730059e+05 1.000000000000000000e+00 4.582119228458133875e+04 6.383932323427238487e+01
8.785792238891054762e-02 1.400170556698246693e-01 0.000000000000000000e+00 2.387881901920759468e-06 1.904029357622148144e-01 7.103052309167018166e+02 -1.109825515295709586e+01 0.000000000000000000e+00 3.504537047437869660e+03 1.605249433636195420e+02 4.282274189471834547e-06 4.962096382063975984e-03 1.823899656274285616e-06 2.059287966308115912e-03 0.000000000000000000e+00 1.085827218581961517e+00 1.133531062686620862e+05 1.000000000000000000e+00 4.601474543195226579e+04 6.410898670922699694e+01
8.785788491557980362e-02 1.408718137660288083e-01 0.000000000000000000e+00 2.310992176142719098e-06 1.903307976653336175e-01 7.102488278454680994e+02 -1.100643647992626306e+01 0.000000000000000000e+00 3.502420955096009493e+03 1.605068809133857997e+02 4.281181519739043197e-06 4.960698815354783187e-03 1.823189672876840444e-06 2.058486354080377428e-03 0.000000000000000000e+00 1.085071100444485070e+00 1.132753499725146394e+05 9.999999999999998890e-01 4.600439075097109890e+04 6.409456028788817150e+01
8.785784718437437968e-02 1.416988601420608174e-01 0.000000000000000000e+00 2.235543508214530455e-06 1.895036006025508091e-01 7.104801260440241322e+02 -1.032807299403263990e+01 0.000000000000000000e+00 3.479143532748295002e+03 1.603213856618607736e+02 4.269966283952970903e-06 4.946357247561096807e-03 1.811508651593977278e-06 2.045297806958697520e-03 0.000000000000000000e+00 1.079383471628719171e+00 1.129153061419518199e+05 1.000000000000000000e+00 4.589811910810554400e+04 6.394649976346104125e+01
8.785780923772491813e-02 1.424987317187740854e-01 0.000000000000000000e+00 2.161605297204887772e-06 1.867356457226772015e-01 7.109733810105766452e+02 -8.653485496649000908e+00 0.000000000000000000e+00 3.410389473083331268e+03 1.599014468777551201e+02 4.244617596004613651e-06 4.913963606155533244e-03 1.778458902519401866e-06 2.007982733004573875e-03 0.000000000000000000e+00 1.070360517128358557e+00 1.123863260879661830e+05 1.000000000000000000e+00 4.565798698857062845e+04 6.361194120586805667e+01
8.785777111660215966e-02 1.432719886999825609e-01 0.000000000000000000e+00 2.089236138143279705e-06 1.860075491557373339e-01 7.111339005004915634e+02 -7.221244392700113757e+00 0.000000000000000000e+00 3.391007286034191111e+03 1.597581762223606745e+02 4.235982500650674001e-06 4.902935347421549621e-03 1.768499154392055965e-06 1.996737602607433736e-03 0.000000000000000000e+00 1.065819622795838306e+00 1.121009839747729275e+05 9.999999999999998890e-01 4.557620512481222977e+04 6.349800050343613123e+01
8.785773286045232833e-02 1.440192107672053912e-01 0.000000000000000000e+00 2.018484512217440943e-06 1.850416426600272612e-01 7.113073344221251091e+02 -6.893694986507095557e+00 0.000000000000000000e+00 3.367619080997848869e+03 1.596212697023134126e+02 4.227737233726491740e-06 4.892408146598951728e-03 1.756072846334969319e-06 1.982707583708330588e-03 0.000000000000000000e+00 1.061276131906210285e+00 1.118292326266456366e+05 1.000000000000000000e+00 4.549812453817622736e+04 6.338921652030405340e+01
8.785769450715949502e-02 1.447409935262620462e-01 0.000000000000000000e+00 1.949389480775381035e-06 1.848709304963833400e-01 7.113658480311273706e+02 -6.807691409838617425e+00 0.000000000000000000e+00 3.362669531886095683e+03 1.595775520845750464e+02 4.225105606247411344e-06 4.889048854931029621e-03 1.753732621312273625e-06 1.980065334607009672e-03 0.000000000000000000e+00 1.059724774578839845e+00 1.117116160402470414e+05 1.000000000000000000e+00 4.547320558804512257e+04 6.335449876564157989e+01
8.785765609300154322e-02 1.454379452055645228e-01 0.000000000000000000e+00 1.881981375073662888e-06 1.848768134126494433e-01 7.113339678315845731e+02 -6.754786797628983486e+00 0.000000000000000000e+00 3.363559533790650676e+03 1.595961291877479482e+02 4.226223798020013285e-06 4.890476196045758124e-03 1.752188350082874993e-06 1.978321763271560004e-03 0.000000000000000000e+00 1.057211686077538682e+00 1.115484687655476446e+05 1.000000000000000000e+00 4.548379366377202678e+04 6.336925035884676305e+01
8.785761765262892209e-02 1.461106836033095324e-01 0.000000000000000000e+00 1.816282474949675166e-06 1.849736783866799128e-01 7.113290239480587616e+02 -6.787786197247889675e+00 0.000000000000000000e+00 3.365766300112269164e+03 1.596066676200657639e+02 4.226858176760741505e-06 4.891285988616661182e-03 1.754387960720861077e-06 1.980805250617909217e-03 0.000000000000000000e+00 1.058378996946270689e+00 1.115900590759025799e+05 9.999999999999998890e-01 4.548980062282527797e+04 6.337761941651496755e+01
8.785757921904896461e-02 1.467598332786797799e-01 0.000000000000000000e+00 1.752307670769677892e-06 1.851175324776791198e-01 7.112991159486335846e+02 -6.858051804285990372e+00 0.000000000000000000e+00 3.369505585547698502e+03 1.596332412458191925e+02 4.228457982113688430e-06 4.893328242617388593e-03 1.756298539922037838e-06 1.982962404792551914e-03 0.000000000000000000e+00 1.058629723999837680e+00 1.115817827231454285e+05 1.000000000000000000e+00 4.550494948329628096e+04 6.339872521826349328e+01
8.785754082362158546e-02 1.473860229798642230e-01 0.000000000000000000e+00 1.690065104067506587e-06 1.851192805716039558e-01 7.112917762173696019e+02 -6.917479041460277145e+00 0.000000000000000000e+00 3.369717851772234098e+03 1.596375155753335378e+02 4.228715330034561674e-06 4.893656774687916815e-03 1.756029481595760311e-06 1.982658622415253008e-03 0.000000000000000000e+00 1.057654995519732077e+00 1.114971781580478419e+05 1.000000000000000000e+00 4.550738639118726132e+04 6.340212038418536622e+01
8.785750249605311923e-02 1.479898833007089742e-01 0.000000000000000000e+00 1.629556783262008538e-06 1.851231574144536762e-01 7.112941316438513013e+02 -6.932592804405752318e+00 0.000000000000000000e+00 3.369783996873552042e+03 1.596374107647264111e+02 4.228709019548509374e-06 4.893648718643026606e-03 1.755681621497179659e-06 1.982265868289497142e-03 0.000000000000000000e+00 1.056811315072018642e+00 1.114326453763082391e+05 1.000000000000000000e+00 4.550732663511784631e+04 6.340203713041478295e+01
8.785746426441497225e-02 1.485720445563504799e-01 0.000000000000000000e+00 1.570779171715363579e-06 1.851149259927903634e-01 7.112929497590672554e+02 -6.919886713429383995e+00 0.000000000000000000e+00 3.369643855532384350e+03 1.596376404081659359e+02 4.228722846032798735e-06 4.893666369707021582e-03 1.755276932201857606e-06 1.981808950721097168e-03 0.000000000000000000e+00 1.055968866968689968e+00 1.113645345877849177e+05 1.000000000000000000e+00 4.550745756265518139e+04 6.340221954219761358e+01
8.785742615515813869e-02 1.491331348673873014e-01 0.000000000000000000e+00 1.513723746160698205e-06 1.850697990141658145e-01 7.112965251356790759e+02 -6.873511651359054397e+00 0.000000000000000000e+00 3.368584691067378117e+03 1.596320079438467872e+02 4.228383728840234117e-06 4.893233450958680425e-03 1.754553679805283649e-06 1.980992357027609296e-03 0.000000000000000000e+00 1.055199156288484819e+00 1.113020923854729044e+05 1.000000000000000000e+00 4.550424635747208958e+04 6.339774560436593021e+01
8.785738819313435033e-02 1.496737784416359296e-01 0.000000000000000000e+00 1.458377524203884726e-06 1.849958692104225477e-01 7.113102453289759524e+02 -6.804423109295418826e+00 0.000000000000000000e+00 3.366729766440410458e+03 1.596199357500539975e+02 4.227656925849297604e-06 4.892305628306210449e-03 1.753538233650765156e-06 1.979845859719361282e-03 0.000000000000000000e+00 1.054355524307388325e+00 1.112330559956311481e+05 1.000000000000000000e+00 4.549736408723460045e+04 6.338815703950388780e+01
8.785735040163242249e-02 1.501945940419895098e-01 0.000000000000000000e+00 1.404723560180289472e-06 1.849089498923902897e-01 7.113292382377481999e+02 -6.740105291830978729e+00 0.000000000000000000e+00 3.364501098885660213e+03 1.596045944417616056e+02 4.226733375423347237e-06 4.891126676654876208e-03 1.752251925933168289e-06 1.978393544075402952e-03 0.000000000000000000e+00 1.053414790867712947e+00 1.111631380404250376e+05 1.000000000000000000e+00 4.548861886949857580e+04 6.337597296584782214e+01
8.785731280240316465e-02 1.506961936289598902e-01 0.000000000000000000e+00 1.352741409143859604e-06 1.848430951205999317e-01 7.113448436941138198e+02 -6.700529878957785179e+00 0.000000000000000000e+00 3.362848613161207595e+03 1.595938164304792792e+02 4.226084582542479974e-06 4.890298488180832952e-03 1.750915846344122094e-06 1.976885033116322892e-03 0.000000000000000000e+00 1.052225888780628837e+00 1.110828316324885091e+05 1.000000000000000000e+00 4.548247543365272577e+04 6.336741376502440204e+01
8.785727541570706456e-02 1.511791811662185347e-01 0.000000000000000000e+00 1.302407559174135164e-06 1.847835250250117467e-01 7.113518470728295142e+02 -6.664956944942278305e+00 0.000000000000000000e+00 3.361459979519007447e+03 1.595865795554372255e+02 4.225648973098219740e-06 4.889742440637682465e-03 1.750276076000344775e-06 1.976162695478060182e-03 0.000000000000000000e+00 1.051735379334509224e+00 1.110358380458405736e+05 1.000000000000000000e+00 4.547835066822124645e+04 6.336166703036916914e+01
8.785723826035396478e-02 1.516441515777714188e-01 0.000000000000000000e+00 1.253695832530205016e-06 1.847405803640276845e-01 7.113602722055352388e+02 -6.627284748655823954e+00 0.000000000000000000e+00 3.360345871739763879e+03 1.595786755587491257e+02 4.225173227127975013e-06 4.889135169499091160e-03 1.749776446547703429e-06 1.975598584993199566e-03 0.000000000000000000e+00 1.051230018278415113e+00 1.109883746198286681e+05 1.000000000000000000e+00 4.547384588050807361e+04 6.335539083840242824e+01
8.785720135374824880e-02 1.520916898455456634e-01 0.000000000000000000e+00 1.206577756448042956e-06 1.846910812725220119e-01 7.113686316220729395e+02 -6.588572688994643656e+00 0.000000000000000000e+00 3.359293047588851550e+03 1.595750545138630230e+02 4.224955281233365289e-06 4.888856973552101366e-03 1.748879516097020549e-06 1.974585898753935913e-03 0.000000000000000000e+00 1.050401826632443969e+00 1.109280813284516043e+05 1.000000000000000000e+00 4.547178218411136186e+04 6.335251564081898579e+01
8.785716471193878718e-02 1.525223702366110823e-01 0.000000000000000000e+00 1.161022904601713203e-06 1.846605394151663027e-01 7.113803335369022989e+02 -6.549199846952979520e+00 0.000000000000000000e+00 3.358284152483578964e+03 1.595642840584443718e+02 4.224307047112651346e-06 4.888029551239015703e-03 1.748129074765205806e-06 1.973738607183530940e-03 0.000000000000000000e+00 1.049559307309702483e+00 1.108683509817022423e+05 1.000000000000000000e+00 4.546564419122130494e+04 6.334396402326865427e+01
8.785712834967297769e-02 1.529367556494078961e-01 0.000000000000000000e+00 1.116999210403955892e-06 1.846031075111050912e-01 7.113829381718147715e+02 -6.511817392302869933e+00 0.000000000000000000e+00 3.357134395653773481e+03 1.595617820141214622e+02 4.224156463687564041e-06 4.887837345534172366e-03 1.747453705527152530e-06 1.972976076339274295e-03 0.000000000000000000e+00 1.049090715808870033e+00 1.108272027611999365e+05 9.999999999999998890e-01 4.546421835628931876e+04 6.334197751151364741e+01
8.785709228044515096e-02 1.533353970691200552e-01 0.000000000000000000e+00 1.074473253443004062e-06 1.845741577361933450e-01 7.113983895623726994e+02 -6.477899204756291773e+00 0.000000000000000000e+00 3.356136383526836653e+03 1.595505738989265865e+02 4.223481937845084245e-06 4.886976388950773839e-03 1.746591817136393267e-06 1.972002954607886705e-03 0.000000000000000000e+00 1.048142710137731859e+00 1.107643216354173201e+05 1.000000000000000000e+00 4.545783148478006478e+04 6.333307914954605167e+01
8.785705651654796000e-02 1.537188331227097304e-01 0.000000000000000000e+00 1.033410520446493692e-06 1.845180275733384334e-01 7.113988838447216949e+02 -6.449883941262046783e+00 0.000000000000000000e+00 3.355028259810687814e+03 1.595484933434194375e+02 4.223356730546836461e-06 4.886816578176360511e-03 1.746131968120908260e-06 1.971483758532242229e-03 0.000000000000000000e+00 1.047875299636627178e+00 1.107315408201802638e+05 1.000000000000000000e+00 4.545664594313420821e+04 6.333142742089029298e+01
8.785702106913495513e-02 1.540875897243151882e-01 0.000000000000000000e+00 9.937756421856768907e-07 1.844981135672608130e-01 7.114092575738170581e+02 -6.422654713603241028e+00 0.000000000000000000e+00 3.354216107517706405e+03 1.595377904546110130e+02 4.222712655794135833e-06 4.885994512192367786e-03 1.745620108458919861e-06 1.970905839435242897e-03 0.000000000000000000e+00 1.047247012857962511e+00 1.106856510175473668e+05 1.000000000000000000e+00 4.545054746989175328e+04 6.332293086318086495e+01
8.785698594826835128e-02 1.544421798029954884e-01 0.000000000000000000e+00 9.555326077868349653e-07 1.844484282618507331e-01 7.114111499706588120e+02 -6.401568451049721276e+00 0.000000000000000000e+00 3.353326950285822477e+03 1.595381266394113879e+02 4.222732886037606040e-06 4.886020332810742973e-03 1.744904547235605911e-06 1.970097929520211316e-03 0.000000000000000000e+00 1.046685117496833239e+00 1.106418256763097306e+05 1.000000000000000000e+00 4.545073902073726640e+04 6.332319773699476428e+01
8.785695116297588536e-02 1.547831031043488959e-01 0.000000000000000000e+00 9.186449578934748185e-07 1.844394967613915415e-01 7.114216809437709799e+02 -6.376290030386046581e+00 0.000000000000000000e+00 3.352688121947066975e+03 1.595267918537377057e+02 4.222050824790393663e-06 4.885149802827270030e-03 1.744344354745603855e-06 1.969465439871173010e-03 0.000000000000000000e+00 1.045973999718644798e+00 1.105968082338811073e+05 1.000000000000000000e+00 4.544428092704599840e+04 6.331420014635867943e+01
8.785691672130303831e-02 1.551108460589864790e-01 0.000000000000000000e+00 8.830759581129834937e-07 1.843888638401438573e-01 7.114165282400862225e+02 -6.356253173465453266e+00 0.000000000000000000e+00 3.352080954676537658e+03 1.595342455859423296e+02 4.222499342163432638e-06 4.885722253149967463e-03 1.743768444218164370e-06 1.968815203650805049e-03 0.000000000000000000e+00 1.045603053026107787e+00 1.105637389239679615e+05 1.000000000000000000e+00 4.544852770477815648e+04 6.332011687184813553e+01
8.785688263037011447e-02 1.554258817107257717e-01 0.000000000000000000e+00 8.487887541518826413e-07 1.843963562089288299e-01 7.114302989981943028e+02 -6.333845970921020196e+00 0.000000000000000000e+00 3.351508167206137841e+03 1.595173739379874291e+02 4.221484141532166355e-06 4.884426548591718799e-03 1.743370497813018357e-06 1.968365899194535369e-03 0.000000000000000000e+00 1.044884222891288683e+00 1.105174394405670027e+05 1.000000000000000000e+00 4.543891533584235003e+04 6.330672465970906870e+01
8.785684889642030038e-02 1.557286696980753893e-01 0.000000000000000000e+00 8.157465099938192285e-07 1.843349692039632226e-01 7.114209050815035198e+02 -6.312639375932159957e+00 0.000000000000000000e+00 3.351010771953135645e+03 1.595320935195017853e+02 4.222369842865714350e-06 4.885556970053619129e-03 1.742914697888068861e-06 1.967851274775772076e-03 0.000000000000000000e+00 1.044716747545892055e+00 1.104918272037317365e+05 1.000000000000000000e+00 4.544730154056262108e+04 6.331840854673062324e+01
8.785681552487312196e-02 1.560196562832480149e-01 0.000000000000000000e+00 7.839125304254436346e-07 1.843395261586756317e-01 7.114314841766992004e+02 -6.292258664959052616e+00 0.000000000000000000e+00 3.350464203408156209e+03 1.595171109985111286e+02 4.221468320677047419e-06 4.884406356746627022e-03 1.742744368705753638e-06 1.967658963299509772e-03 0.000000000000000000e+00 1.044222488631702861e+00 1.104530774798773928e+05 1.000000000000000000e+00 4.543876553805594449e+04 6.330651595738532933e+01
8.785678252037430747e-02 1.562992744230950193e-01 0.000000000000000000e+00 7.532503691570798384e-07 1.842992097981528132e-01 7.114289760828736462e+02 -6.271468639015798985e+00 0.000000000000000000e+00 3.349940879851218597e+03 1.595220979372564045e+02 4.221768384589138995e-06 4.884789324352855830e-03 1.742401632181304678e-06 1.967271993984622078e-03 0.000000000000000000e+00 1.044030096592110768e+00 1.104302924787050433e+05 1.000000000000000000e+00 4.544160666125649004e+04 6.331047428699887547e+01
8.785674988684519238e-02 1.565679438769635168e-01 0.000000000000000000e+00 7.237239237207151501e-07 1.842972241934249522e-01 7.114384399100725886e+02 -6.253291246133686698e+00 0.000000000000000000e+00 3.349375390390304801e+03 1.595094925058894262e+02 4.221009931967696639e-06 4.883821329276364850e-03 1.741532043666794769e-06 1.966290178369157864e-03 0.000000000000000000e+00 1.043018264182048016e+00 1.103771656873802131e+05 9.999999999999998890e-01 4.543442535622572177e+04 6.330046909878256400e+01
8.785671762752582381e-02 1.568260713468065115e-01 0.000000000000000000e+00 6.952975182661235992e-07 1.842589983717589919e-01 7.114335394336076206e+02 -6.229034570227015344e+00 0.000000000000000000e+00 3.348821870634188144e+03 1.595128551011418097e+02 4.221212249926363714e-06 4.884079540300859112e-03 1.740766150259822433e-06 1.965425440514184836e-03 0.000000000000000000e+00 1.042487461132712179e+00 1.103466398719582357e+05 1.000000000000000000e+00 4.543634096878190758e+04 6.330313798195798114e+01
8.785668574502636385e-02 1.570740506455012286e-01 0.000000000000000000e+00 6.679359753030494841e-07 1.842425201561410930e-01 7.114382172804650963e+02 -6.213103571205730091e+00 0.000000000000000000e+00 3.348371499115715778e+03 1.595092611605159902e+02 4.220996012699051471e-06 4.883803564691063803e-03 1.740540434859528622e-06 1.965170594801573037e-03 0.000000000000000000e+00 1.042207155817149955e+00 1.103214088647740427e+05 1.000000000000000000e+00 4.543429356423876015e+04 6.330028548262514931e+01
8.785665424136208934e-02 1.573122628895025354e-01 0.000000000000000000e+00 6.416046773835003607e-07 1.842144994801385993e-01 7.114412710428410946e+02 -6.192413277116926018e+00 0.000000000000000000e+00 3.347883556103696719e+03 1.595097685047354616e+02 4.221026537907646549e-06 4.883842522760467077e-03 1.743656328353225555e-06 1.968688618369259132e-03 0.000000000000000000e+00 1.044005384373845047e+00 1.102974974088193121e+05 1.000000000000000000e+00 4.543458258648982155e+04 6.330068815623505429e+01
8.785662311800374047e-02 1.575410767120076216e-01 0.000000000000000000e+00 6.162696196321480403e-07 1.841738386321445098e-01 7.114346220728350545e+02 -6.177977746834636186e+00 0.000000000000000000e+00 3.347468546152234921e+03 1.595174873973421654e+02 4.221490968296536496e-06 4.884435261459877525e-03 1.801051050777612769e-06 2.033490572145361681e-03 0.000000000000000000e+00 1.078568446572900630e+00 1.102934261834905483e+05 1.000000000000000000e+00 4.543897997421646141e+04 6.330681471563848817e+01
8.785659237590971726e-02 1.577608484939967692e-01 0.000000000000000000e+00 5.918974539987435080e-07 1.840197144087015735e-01 7.113793824372114614e+02 -6.162970151249858475e+00 0.000000000000000000e+00 3.346939842147396575e+03 1.595716717238865670e+02 4.224751679456618870e-06 4.888597089052577546e-03 2.497946554472850999e-06 2.820325812558401035e-03 0.000000000000000000e+00 1.499376608958936430e+00 1.104566692462173087e+05 1.000000000000000000e+00 4.546985431563539896e+04 6.334982968236496248e+01
8.785656201557191791e-02 1.579719226098909024e-01 0.000000000000000000e+00 5.684555260106326650e-07 1.827838298564660735e-01 7.108667538622272559e+02 -6.136292810342794724e+00 0.000000000000000000e+00 3.346395262781253223e+03 1.600972049278989857e+02 4.256426973503501725e-06 4.929051409510506500e-03 1.002544780430841481e-05 1.131930912385550533e-02 0.000000000000000000e+00 6.161220125086258825e+00 1.123312832696658734e+05 9.999999999999993339e-01 4.576984826022444759e+04 6.376778935216144362e+01
8.785653203704169023e-02 1.581746316853517020e-01 0.000000000000000000e+00 5.459119047736773736e-07 1.748905375664432105e-01 7.073642963083700579e+02 -5.757301951505604976e+00 0.000000000000000000e+00 3.343391024122888666e+03 1.635966655615887362e+02 4.469613923746277692e-06 5.202511536983517489e-03 6.463919564261212561e-05 7.298138210660938541e-02 0.000000000000000000e+00 4.861539328621281442e+01 1.315358615231332951e+05 9.999999999999995559e-01 4.779262318369699642e+04 6.658597403334000830e+01
8.785650243997493447e-02 1.583692968648899302e-01 0.000000000000000000e+00 5.242354068935297613e-07 1.523238781063633029e-01 6.945084022852569205e+02 -4.514271321454635277e+00 0.000000000000000000e+00 3.327597012724406341e+03 1.748821108539840168e+02 5.182533456173071022e-06 6.131535276247132397e-03 1.713501765774125946e-04 1.934642377045177053e-01 0.000000000000000000e+00 2.758412902919793055e+02 2.017649777414857526e+05 9.999999999999995559e-01 5.461384410133064375e+04 7.608948333333100322e+01
8.785647322365437717e-02 1.585562280872120922e-01 0.000000000000000000e+00 5.033956149451114143e-07 1.290675524592753975e-01 6.752213028442560017e+02 -3.665067006232803681e+00 0.000000000000000000e+00 3.286704834926988497e+03 1.888147128443298470e+02 6.110725831839990713e-06 7.372726287127832380e-03 3.061510145880650801e-04 3.456621629624413439e-01 0.000000000000000000e+00 7.303524792168016120e+02 2.800545424327559886e+05 9.999999999999993339e-01 6.366249247586919228e+04 8.869630475403464231e+01
8.785644438702784609e-02 1.587357243664047901e-01 0.000000000000000000e+00 4.833628910650192683e-07 1.127643864898936754e-01 6.559584606804201030e+02 -2.610722906616611105e+00 0.000000000000000000e+00 3.254046399984260916e+03 2.009971538526135930e+02 6.959724608844916159e-06 8.537071522302928581e-03 3.979629665554178654e-04 4.493231550566224586e-01 0.000000000000000000e+00 1.177699704322198613e+03 3.337058866526544443e+05 9.999999999999994449e-01 7.214259974437719211e+04 1.005110193431561356e+02
8.785641592873093264e-02 1.589080740771463274e-01 0.000000000000000000e+00 4.641083861926316635e-07 1.004499690136512191e-01 6.359983702009875515e+02 -1.887033123920932143e+00 0.000000000000000000e+00 3.235476075940384817e+03 2.123529070415419824e+02 7.777807187265404449e-06 9.683353596704637536e-03 4.236758455101459313e-04 4.783544792462279260e-01 0.000000000000000000e+00 1.626187404622306985e+03 3.855553157969244639e+05 9.999999999999994449e-01 8.052456630177461193e+04 1.121890016416790417e+02
8.785638784712249127e-02 1.590735552428330646e-01 0.000000000000000000e+00 4.456040454413714803e-07 9.013165966406452845e-02 6.142984533533590366e+02 -1.353930588697821458e+00 0.000000000000000000e+00 3.217349337397825821e+03 2.235498810849849463e+02 8.605929114516477067e-06 1.086635387207040421e-02 4.177668759870365139e-04 4.716829116573195146e-01 0.000000000000000000e+00 2.080127837589222054e+03 4.487798940707746078e+05 9.999999999999995559e-01 8.924026666626951192e+04 1.243319508981365971e+02
8.785636014029782337e-02 1.592324358247496352e-01 0.000000000000000000e+00 4.278226100419677498e-07 8.137655466459210729e-02 5.901969747784477249e+02 -8.932206796222975642e-01 0.000000000000000000e+00 3.205932939561633702e+03 2.348505520335764345e+02 9.460052058444199123e-06 1.210874426503139208e-02 3.848943456603219713e-04 4.345679278965453030e-01 0.000000000000000000e+00 2.537667563350394175e+03 5.365281293214746984e+05 9.999999999999994449e-01 9.849068176870644675e+04 1.372198791761264545e+02
8.785633280612401008e-02 1.593849740115762526e-01 0.000000000000000000e+00 4.107376162606539731e-07 7.347995046607619374e-02 5.623769949159606085e+02 -6.167758307174181498e-01 0.000000000000000000e+00 3.193257349682469339e+03 2.466587638228918138e+02 1.036903210056829911e-05 1.345399982169093525e-02 3.284313702983160041e-04 3.708179703235257585e-01 0.000000000000000000e+00 3.002170454964409601e+03 6.716755961348629789e+05 9.999999999999994449e-01 1.086438317332805891e+05 1.513655220570210531e+02
8.785630584225377626e-02 1.595314185079585445e-01 0.000000000000000000e+00 3.943233916500218904e-07 6.631751227839315088e-02 5.283651494120061898e+02 -2.327874885683222650e-01 0.000000000000000000e+00 3.192157188964096804e+03 2.595924390940726312e+02 1.138056298516687716e-05 1.497689295770286526e-02 2.554870768588466410e-04 2.884596535301607312e-01 0.000000000000000000e+00 3.487314326141578476e+03 9.052121682375328382e+05 9.999999999999991118e-01 1.203361329193032288e+05 1.676555520093436940e+02
8.785627924615355133e-02 1.596720088213014199e-01 0.000000000000000000e+00 3.785550489746707599e-07 5.892238866089555965e-02 4.828096353611302902e+02 -2.502415445171332631e-01 0.000000000000000000e+00 3.176819866045164417e+03 2.747388908167553154e+02 1.258196975843349513e-05 1.681805588374956154e-02 1.706780006647257153e-04 1.927053123088817432e-01 0.000000000000000000e+00 3.992534175992174369e+03 1.378324386973625282e+06 9.999999999999993339e-01 1.347883180843232549e+05 1.877907268965699927e+02
8.785625301511686136e-02 1.598069755459552155e-01 0.000000000000000000e+00 3.634084781071377375e-07 5.200155442184688920e-02 4.130068899271187206e+02 1.211687780139583559e+00 0.000000000000000000e+00 3.208789750482204909e+03 2.939182044581535820e+02 1.412268201418965543e-05 1.922545355254661609e-02 9.162362142216738615e-05 1.034483560404078489e-01 0.000000000000000000e+00 4.658908485268953882e+03 2.644192399108208716e+06 9.999999999999994449e-01 1.542641266284017474e+05 2.149249496198098655e+02
8.785622714628556207e-02 1.599365406441979609e-01 0.000000000000000000e+00 3.488603361646849264e-07 4.450717540568317754e-02 2.582541137591873621e+02 1.434416034315079136e+00 0.000000000000000000e+00 3.282122290117609282e+03 3.213115820974566645e+02 1.634778008051277696e-05 2.278157758594158075e-02 4.907700019599150240e-06 5.541076537760362963e-03 0.000000000000000000e+00 1.165731452658639455e+03 1.057183895658631250e+07 9.999999999999993339e-01 1.843591656963762071e+05 2.568541712532453971e+02
