0.000000 0.105000 
0.033333 0.105018 
0.066667 0.105037 
0.100000 0.105057 
0.133333 0.105078 
0.166667 0.105100 
0.200000 0.105122 
0.233333 0.105145 
0.266667 0.105170 
0.300000 0.105195 
0.333333 0.105221 
0.366667 0.105249 
0.400000 0.105277 
0.433333 0.105307 
0.466667 0.105338 
0.500000 0.105370 
0.533333 0.105403 
0.566667 0.105438 
0.600000 0.105474 
0.633333 0.105512 
0.666667 0.105551 
0.700000 0.105592 
0.733333 0.105634 
0.766667 0.105679 
0.800000 0.105725 
0.833333 0.105772 
0.866667 0.105822 
0.900000 0.105874 
0.933333 0.105928 
0.966667 0.105984 
1.000000 0.106043 
1.033333 0.106104 
1.066667 0.106167 
1.100000 0.106233 
1.133333 0.106301 
1.166667 0.106373 
1.200000 0.106447 
1.233333 0.106524 
1.266667 0.106604 
1.300000 0.106688 
1.333333 0.106775 
1.366667 0.106866 
1.400000 0.106960 
1.433333 0.107058 
1.466667 0.107160 
1.500000 0.107266 
1.533333 0.107377 
1.566667 0.107492 
1.600000 0.107612 
1.633333 0.107736 
1.666667 0.107866 
1.700000 0.108000 
1.733333 0.108141 
1.766667 0.108287 
1.800000 0.108438 
1.833333 0.108596 
1.866667 0.108761 
1.900000 0.108932 
1.933333 0.109110 
1.966667 0.109295 
2.000000 0.109487 
2.033333 0.109688 
2.066667 0.109896 
2.100000 0.110113 
2.133333 0.110339 
2.166667 0.110573 
2.200000 0.110817 
2.233333 0.111071 
2.266667 0.111336 
2.300000 0.111610 
2.333333 0.111896 
2.366667 0.112193 
2.400000 0.112503 
2.433333 0.112824 
2.466667 0.113159 
2.500000 0.113506 
2.533333 0.113868 
2.566667 0.114244 
2.600000 0.114636 
2.633333 0.115042 
2.666667 0.115465 
2.700000 0.115905 
2.733333 0.116363 
2.766667 0.116838 
2.800000 0.117332 
2.833333 0.117846 
2.866667 0.118381 
2.900000 0.118936 
2.933333 0.119514 
2.966667 0.120114 
3.000000 0.120737 
3.033333 0.121386 
3.066667 0.122059 
3.100000 0.122760 
3.133333 0.123487 
3.166667 0.124243 
3.200000 0.125028 
3.233333 0.125844 
3.266667 0.126692 
3.300000 0.127573 
3.333333 0.128487 
3.366667 0.129437 
3.400000 0.130423 
3.433333 0.131448 
3.466667 0.132511 
3.500000 0.133616 
3.533333 0.134762 
3.566667 0.135952 
3.600000 0.137187 
3.633333 0.138469 
3.666667 0.139799 
3.700000 0.141179 
3.733333 0.142611 
3.766667 0.144096 
3.800000 0.145636 
3.833333 0.147233 
3.866667 0.148889 
3.900000 0.150606 
3.933333 0.152386 
3.966667 0.154230 
4.000000 0.156142 
4.033333 0.158122 
4.066667 0.160173 
4.100000 0.162297 
4.133333 0.164497 
4.166667 0.166774 
4.200000 0.169132 
4.233333 0.171571 
4.266667 0.174095 
4.300000 0.176705 
4.333333 0.179405 
4.366667 0.182197 
4.400000 0.185082 
4.433333 0.188063 
4.466667 0.191144 
4.500000 0.194325 
4.533333 0.197610 
4.566667 0.201001 
4.600000 0.204500 
4.633333 0.208110 
4.666667 0.211832 
4.700000 0.215670 
4.733333 0.219625 
4.766667 0.223700 
4.800000 0.227896 
4.833333 0.232216 
4.866667 0.236661 
4.900000 0.241234 
4.933333 0.245936 
4.966667 0.250768 
5.000000 0.255733 
5.033333 0.260832 
5.066667 0.266065 
5.100000 0.271434 
5.133333 0.276941 
5.166667 0.282584 
5.200000 0.288366 
5.233333 0.294286 
5.266667 0.300345 
5.300000 0.306542 
5.333333 0.312878 
5.366667 0.319350 
5.400000 0.325960 
5.433333 0.332705 
5.466667 0.339585 
5.500000 0.346597 
5.533333 0.353740 
5.566667 0.361012 
5.600000 0.368410 
5.633333 0.375931 
5.666667 0.383573 
5.700000 0.391331 
5.733333 0.399204 
5.766667 0.407185 
5.800000 0.415272 
5.833333 0.423459 
5.866667 0.431743 
5.900000 0.440117 
5.933333 0.448577 
5.966667 0.457117 
6.000000 0.465731 
6.033333 0.474413 
6.066667 0.483158 
6.100000 0.491958 
6.133333 0.500808 
6.166667 0.509699 
6.200000 0.518626 
6.233333 0.527582 
6.266667 0.536559 
6.300000 0.545551 
6.333333 0.554550 
6.366667 0.563549 
6.400000 0.572540 
6.433333 0.581517 
6.466667 0.590473 
6.500000 0.599400 
6.533333 0.608292 
6.566667 0.617141 
6.600000 0.625942 
6.633333 0.634686 
6.666667 0.643369 
6.700000 0.651983 
6.733333 0.660523 
6.766667 0.668983 
6.800000 0.677357 
6.833333 0.685640 
6.866667 0.693828 
6.900000 0.701915 
6.933333 0.709896 
6.966667 0.717768 
7.000000 0.725527 
7.033333 0.733169 
7.066667 0.740690 
7.100000 0.748088 
7.133333 0.755359 
7.166667 0.762503 
7.200000 0.769515 
7.233333 0.776394 
7.266667 0.783140 
7.300000 0.789749 
7.333333 0.796222 
7.366667 0.802557 
7.400000 0.808755 
7.433333 0.814813 
7.466667 0.820734 
7.500000 0.826515 
7.533333 0.832159 
7.566667 0.837665 
7.600000 0.843034 
7.633333 0.848268 
7.666667 0.853366 
7.700000 0.858331 
7.733333 0.863164 
7.766667 0.867866 
7.800000 0.872439 
7.833333 0.876884 
7.866667 0.881204 
7.900000 0.885400 
7.933333 0.889474 
7.966667 0.893429 
8.000000 0.897267 
8.033333 0.900990 
8.066667 0.904599 
8.100000 0.908099 
8.133333 0.911489 
8.166667 0.914774 
8.200000 0.917956 
8.233333 0.921036 
8.266667 0.924018 
8.300000 0.926903 
8.333333 0.929694 
8.366667 0.932394 
8.400000 0.935005 
8.433333 0.937529 
8.466667 0.939968 
8.500000 0.942325 
8.533333 0.944603 
8.566667 0.946802 
8.600000 0.948927 
8.633333 0.950978 
8.666667 0.952958 
8.700000 0.954869 
8.733333 0.956714 
8.766667 0.958493 
8.800000 0.960210 
8.833333 0.961867 
8.866667 0.963464 
8.900000 0.965004 
8.933333 0.966489 
8.966667 0.967921 
9.000000 0.969301 
9.033333 0.970631 
9.066667 0.971912 
9.100000 0.973148 
9.133333 0.974338 
9.166667 0.975484 
9.200000 0.976588 
9.233333 0.977652 
9.266667 0.978676 
9.300000 0.979663 
9.333333 0.980613 
9.366667 0.981527 
9.400000 0.982408 
9.433333 0.983255 
9.466667 0.984071 
9.500000 0.984857 
9.533333 0.985613 
9.566667 0.986340 
9.600000 0.987040 
9.633333 0.987714 
9.666667 0.988362 
9.700000 0.988986 
9.733333 0.989586 
9.766667 0.990163 
9.800000 0.990719 
9.833333 0.991253 
9.866667 0.991767 
9.900000 0.992262 
9.933333 0.992737 
9.966667 0.993194 
10.000000 0.993634 
