0.000000 0.105000 
0.033333 0.105006 
0.066667 0.105013 
0.100000 0.105019 
0.133333 0.105026 
0.166667 0.105033 
0.200000 0.105040 
0.233333 0.105048 
0.266667 0.105055 
0.300000 0.105063 
0.333333 0.105071 
0.366667 0.105079 
0.400000 0.105088 
0.433333 0.105096 
0.466667 0.105105 
0.500000 0.105114 
0.533333 0.105124 
0.566667 0.105133 
0.600000 0.105143 
0.633333 0.105153 
0.666667 0.105164 
0.700000 0.105175 
0.733333 0.105186 
0.766667 0.105197 
0.800000 0.105209 
0.833333 0.105220 
0.866667 0.105233 
0.900000 0.105245 
0.933333 0.105258 
0.966667 0.105271 
1.000000 0.105285 
1.033333 0.105299 
1.066667 0.105313 
1.100000 0.105328 
1.133333 0.105343 
1.166667 0.105359 
1.200000 0.105375 
1.233333 0.105391 
1.266667 0.105408 
1.300000 0.105425 
1.333333 0.105443 
1.366667 0.105461 
1.400000 0.105480 
1.433333 0.105499 
1.466667 0.105519 
1.500000 0.105539 
1.533333 0.105560 
1.566667 0.105582 
1.600000 0.105604 
1.633333 0.105626 
1.666667 0.105649 
1.700000 0.105673 
1.733333 0.105698 
1.766667 0.105723 
1.800000 0.105749 
1.833333 0.105775 
1.866667 0.105802 
1.900000 0.105830 
1.933333 0.105859 
1.966667 0.105888 
2.000000 0.105918 
2.033333 0.105950 
2.066667 0.105981 
2.100000 0.106014 
2.133333 0.106048 
2.166667 0.106082 
2.200000 0.106118 
2.233333 0.106154 
2.266667 0.106192 
2.300000 0.106230 
2.333333 0.106270 
2.366667 0.106310 
2.400000 0.106352 
2.433333 0.106394 
2.466667 0.106438 
2.500000 0.106483 
2.533333 0.106530 
2.566667 0.106577 
2.600000 0.106626 
2.633333 0.106676 
2.666667 0.106727 
2.700000 0.106780 
2.733333 0.106834 
2.766667 0.106890 
2.800000 0.106947 
2.833333 0.107006 
2.866667 0.107066 
2.900000 0.107128 
2.933333 0.107192 
2.966667 0.107257 
3.000000 0.107324 
3.033333 0.107393 
3.066667 0.107464 
3.100000 0.107536 
3.133333 0.107611 
3.166667 0.107687 
3.200000 0.107766 
3.233333 0.107847 
3.266667 0.107929 
3.300000 0.108014 
3.333333 0.108102 
3.366667 0.108191 
3.400000 0.108284 
3.433333 0.108378 
3.466667 0.108475 
3.500000 0.108575 
3.533333 0.108677 
3.566667 0.108782 
3.600000 0.108890 
3.633333 0.109001 
3.666667 0.109114 
3.700000 0.109231 
3.733333 0.109351 
3.766667 0.109474 
3.800000 0.109600 
3.833333 0.109730 
3.866667 0.109863 
3.900000 0.110000 
3.933333 0.110140 
3.966667 0.110284 
4.000000 0.110432 
4.033333 0.110584 
4.066667 0.110740 
4.100000 0.110900 
4.133333 0.111064 
4.166667 0.111233 
4.200000 0.111406 
4.233333 0.111583 
4.266667 0.111766 
4.300000 0.111953 
4.333333 0.112145 
4.366667 0.112342 
4.400000 0.112545 
4.433333 0.112752 
4.466667 0.112966 
4.500000 0.113184 
4.533333 0.113409 
4.566667 0.113640 
4.600000 0.113876 
4.633333 0.114119 
4.666667 0.114368 
4.700000 0.114624 
4.733333 0.114887 
4.766667 0.115156 
4.800000 0.115432 
4.833333 0.115716 
4.866667 0.116007 
4.900000 0.116306 
4.933333 0.116612 
4.966667 0.116927 
5.000000 0.117250 
5.033333 0.117581 
5.066667 0.117921 
5.100000 0.118269 
5.133333 0.118627 
5.166667 0.118994 
5.200000 0.119370 
5.233333 0.119756 
5.266667 0.120152 
5.300000 0.120559 
5.333333 0.120975 
5.366667 0.121403 
5.400000 0.121841 
5.433333 0.122291 
5.466667 0.122752 
5.500000 0.123226 
5.533333 0.123711 
5.566667 0.124208 
5.600000 0.124719 
5.633333 0.125242 
5.666667 0.125779 
5.700000 0.126329 
5.733333 0.126893 
5.766667 0.127471 
5.800000 0.128064 
5.833333 0.128672 
5.866667 0.129295 
5.900000 0.129934 
5.933333 0.130589 
5.966667 0.131260 
6.000000 0.131948 
6.033333 0.132653 
6.066667 0.133376 
6.100000 0.134116 
6.133333 0.134875 
6.166667 0.135653 
6.200000 0.136449 
6.233333 0.137265 
6.266667 0.138101 
6.300000 0.138958 
6.333333 0.139835 
6.366667 0.140734 
6.400000 0.141654 
6.433333 0.142597 
6.466667 0.143562 
6.500000 0.144550 
6.533333 0.145562 
6.566667 0.146598 
6.600000 0.147659 
6.633333 0.148745 
6.666667 0.149856 
6.700000 0.150993 
6.733333 0.152157 
6.766667 0.153348 
6.800000 0.154567 
6.833333 0.155814 
6.866667 0.157089 
6.900000 0.158394 
6.933333 0.159729 
6.966667 0.161093 
7.000000 0.162489 
7.033333 0.163916 
7.066667 0.165375 
7.100000 0.166866 
7.133333 0.168391 
7.166667 0.169949 
7.200000 0.171541 
7.233333 0.173168 
7.266667 0.174830 
7.300000 0.176527 
7.333333 0.178261 
7.366667 0.180032 
7.400000 0.181840 
7.433333 0.183686 
7.466667 0.185571 
7.500000 0.187494 
7.533333 0.189457 
7.566667 0.191460 
7.600000 0.193503 
7.633333 0.195587 
7.666667 0.197713 
7.700000 0.199881 
7.733333 0.202091 
7.766667 0.204344 
7.800000 0.206640 
7.833333 0.208979 
7.866667 0.211363 
7.900000 0.213792 
7.933333 0.216265 
7.966667 0.218783 
8.000000 0.221347 
8.033333 0.223956 
8.066667 0.226612 
8.100000 0.229314 
8.133333 0.232062 
8.166667 0.234857 
8.200000 0.237700 
8.233333 0.240589 
8.266667 0.243526 
8.300000 0.246510 
8.333333 0.249542 
8.366667 0.252621 
8.400000 0.255747 
8.433333 0.258921 
8.466667 0.262142 
8.500000 0.265411 
8.533333 0.268727 
8.566667 0.272090 
8.600000 0.275499 
8.633333 0.278955 
8.666667 0.282457 
8.700000 0.286005 
8.733333 0.289599 
8.766667 0.293238 
8.800000 0.296921 
8.833333 0.300648 
8.866667 0.304419 
8.900000 0.308233 
8.933333 0.312089 
8.966667 0.315986 
9.000000 0.319925 
9.033333 0.323904 
9.066667 0.327922 
9.100000 0.331978 
9.133333 0.336072 
9.166667 0.340202 
9.200000 0.344368 
9.233333 0.348569 
9.266667 0.352803 
9.300000 0.357069 
9.333333 0.361367 
9.366667 0.365694 
9.400000 0.370050 
9.433333 0.374434 
9.466667 0.378844 
9.500000 0.383278 
9.533333 0.387736 
9.566667 0.392216 
9.600000 0.396716 
9.633333 0.401236 
9.666667 0.405773 
9.700000 0.410326 
9.733333 0.414894 
9.766667 0.419474 
9.800000 0.424066 
9.833333 0.428668 
9.866667 0.433278 
9.900000 0.437895 
9.933333 0.442516 
9.966667 0.447141 
10.000000 0.451767 
