pos.x pos.y pos.z n.x n.y n.z area cellWidthNormalToSurface outsign p rho T vel.x vel.y vel.z mu a Re y+ tau_wall.x tau_wall.y tau_wall.z q_total q_cond q_diff
-4.9840680848169995e-05 6.5996236007357855e-03 0.0000000000000000e+00 7.5518336546762507e-03 -9.9997148449765916e-01 0.0000000000000000e+00 6.5787822693276558e-07 1.0000285163208540e-06 1 4.9899460595767698e+02 5.8717294632687897e-03 2.9600000000000000e+02 0.0000000000000000e+00 0.0000000000000000e+00 0.0000000000000000e+00 1.8278800576816405e-05 3.4844373486383000e+02 1.1193435144468156e-01 2.5677073393839157e-02 1.5003612038021532e+02 2.4898706231213721e+00 0.0000000000000000e+00 -3.1726907336902776e+05 -3.1726907336902776e+05 0.0000000000000000e+00
-6.4825371191204548e-03 1.2386396829263150e-03 0.0000000000000000e+00 9.8223060260474693e-01 -1.8767803096451072e-01 0.0000000000000000e+00 1.2347281018633098e-07 1.0000285163117315e-06 1 4.1211502941393974e+03 4.8494070508468691e-02 2.9600000000000000e+02 0.0000000000000000e+00 0.0000000000000000e+00 0.0000000000000000e+00 1.8278800576816405e-05 3.6490273286985024e+02 9.6812279317449279e-01 5.7723060761020586e-02 1.6813908252073713e+01 9.0268136094317939e+01 0.0000000000000000e+00 -1.6434807951224190e+06 -1.6434807951224190e+06 0.0000000000000000e+00
-1.4951067285093501e-04 6.5981180895433953e-03 0.0000000000000000e+00 2.2653778233972237e-02 -9.9974337023644522e-01 0.0000000000000000e+00 6.5772815125718008e-07 1.0000285163160261e-06 1 5.1577621504802562e+02 6.0692006730982944e-03 2.9600000000000000e+02 0.0000000000000000e+00 0.0000000000000000e+00 0.0000000000000000e+00 1.8278800576816405e-05 3.4856235514436798e+02 1.1573818521017813e-01 2.6635534723939064e-02 1.5617780535303058e+02 3.3958575040227221e+00 0.0000000000000000e+00 -3.2755838198762113e+05 -3.2755838198762113e+05 0.0000000000000000e+00
-2.4914655836240503e-04 6.5951074105970852e-03 0.0000000000000000e+00 3.7750555015802975e-02 -9.9928719375162556e-01 0.0000000000000000e+00 6.5742803408551496e-07 1.0000285163165646e-06 1 5.3335753418975037e+02 6.2760821671566745e-03 2.9600000000000000e+02 0.0000000000000000e+00 0.0000000000000000e+00 0.0000000000000000e+00 1.8278800576816405e-05 3.4866483953167744e+02 1.1971855447020952e-01 2.7334659960884380e-02 1.5898326122597342e+02 6.0856461047483510e+00 0.0000000000000000e+00 -3.3649531161891733e+05 -3.3649531161891733e+05 0.0000000000000000e+00
-3.4872560836832006e-04 6.5905922506952650e-03 0.0000000000000000e+00 5.2838720111761203e-02 -9.9860305910654568e-01 0.0000000000000000e+00 6.5697794397700258e-07 1.0000285163093475e-06 1 5.5191152515921112e+02 6.4944092074410457e-03 2.9600000000000000e+02 0.0000000000000000e+00 0.0000000000000000e+00 0.0000000000000000e+00 1.8278800576816405e-05 3.4877317330088351e+02 1.2392171412309322e-01 2.8083280169696884e-02 1.6207538781035780e+02 8.3060367139409585e+00 0.0000000000000000e+00 -3.4592380236236774e+05 -3.4592380236236774e+05 0.0000000000000000e+00
-4.4822510682241995e-04 6.5845736398395856e-03 0.0000000000000000e+00 6.7914831598698516e-02 -9.9769112236649704e-01 0.0000000000000000e+00 6.5637798354513055e-07 1.0000285163132095e-06 1 5.7136890880680619e+02 6.7233665778768268e-03 2.9600000000000000e+02 0.0000000000000000e+00 0.0000000000000000e+00 0.0000000000000000e+00 1.8278800576816405e-05 3.4888580984009576e+02 1.2833194792333827e-01 2.8861705003581390e-02 1.6520916888148790e+02 1.0960404631191013e+01 0.0000000000000000e+00 -3.5571031171419378e+05 -3.5571031171419378e+05 0.0000000000000000e+00
-5.4762235580433998e-04 6.5770529510017859e-03 0.0000000000000000e+00 8.2975450299447973e-02 -9.9655159156342921e-01 0.0000000000000000e+00 6.5562828943141679e-07 1.0000285163156892e-06 1 5.9199000490877165e+02 6.9660174925383726e-03 2.9600000000000000e+02 0.0000000000000000e+00 0.0000000000000000e+00 0.0000000000000000e+00 1.8278800576816405e-05 3.4900509381587557e+02 1.3300899621174211e-01 2.9665342989521497e-02 1.6829812045776342e+02 1.3367076145958700e+01 0.0000000000000000e+00 -3.6605964854060154e+05 -3.6605964854060154e+05 0.0000000000000000e+00
-6.4689468074036497e-04 6.5680318998073955e-03 0.0000000000000000e+00 9.8017140574649789e-02 -9.9518472664805768e-01 0.0000000000000000e+00 6.5472903316130983e-07 1.0000285163080649e-06 1 6.1343993768448331e+02 7.2184214278926623e-03 2.9600000000000000e+02 0.0000000000000000e+00 0.0000000000000000e+00 0.0000000000000000e+00 1.8278800576816405e-05 3.4912725769823868e+02 1.3787663653021090e-01 3.0468766321549171e-02 1.7112576755166850e+02 1.5968787485121446e+01 0.0000000000000000e+00 -3.7664441880553984e+05 -3.7664441880553984e+05 0.0000000000000000e+00
-7.4601943558178505e-04 6.5575125441428399e-03 0.0000000000000000e+00 1.1303647110723992e-01 -9.9359083943020643e-01 0.0000000000000000e+00 6.5368041972868921e-07 1.0000285163152873e-06 1 6.3548486186134153e+02 7.4778266985295232e-03 2.9600000000000000e+02 0.0000000000000000e+00 0.0000000000000000e+00 0.0000000000000000e+00 1.8278800576816405e-05 3.4925174497692677e+02 1.4288237822745303e-01 3.1283328854191494e-02 1.7388536484299868e+02 1.8779459379266918e+01 0.0000000000000000e+00 -3.8741114425654657e+05 -3.8741114425654657e+05 0.0000000000000000e+00
-8.4497400791303011e-04 6.5454972836911009e-03 0.0000000000000000e+00 1.2803001567551572e-01 -9.9177029350859636e-01 0.0000000000000000e+00 6.5248268808447734e-07 1.0000285163220502e-06 1 6.5827815642138626e+02 7.7460381333531907e-03 2.9600000000000000e+02 0.0000000000000000e+00 0.0000000000000000e+00 0.0000000000000000e+00 1.8278800576816405e-05 3.4937958733473164e+02 1.4806139872667040e-01 3.2112684684527021e-02 1.7659847071682589e+02 2.1575673257164404e+01 0.0000000000000000e+00 -3.9844903138701018e+05 -3.9844903138701018e+05 0.0000000000000000e+00
-9.4373582414714009e-04 6.5319888593808606e-03 0.0000000000000000e+00 1.4299435394172447e-01 -9.8972350418730026e-01 0.0000000000000000e+00 6.5113611180076993e-07 1.0000285163133243e-06 1 6.8170603064519207e+02 8.0217167433006172e-03 2.9600000000000000e+02 0.0000000000000000e+00 0.0000000000000000e+00 0.0000000000000000e+00 1.8278800576816405e-05 3.4950998803704834e+02 1.5338807716297106e-01 3.2949051451523402e-02 1.7919639034965127e+02 2.4494630424101771e+01 0.0000000000000000e+00 -4.0968866250337660e+05 -4.0968866250337660e+05 0.0000000000000000e+00
-1.0422823546915000e-03 6.5169903527586993e-03 0.0000000000000000e+00 1.5792607223396551e-01 -9.8745093838061260e-01 0.0000000000000000e+00 6.4964099801427299e-07 1.0000285163212578e-06 1 7.0567665155298880e+02 8.3037819186686547e-03 2.9600000000000000e+02 0.0000000000000000e+00 0.0000000000000000e+00 0.0000000000000000e+00 1.8278800576816405e-05 3.4964336529861788e+02 1.5884220825968420e-01 3.3811736270530003e-02 1.8188492460279133e+02 2.7739461822824484e+01 0.0000000000000000e+00 -4.2116008062255016e+05 -4.2116008062255016e+05 0.0000000000000000e+00
-1.1405911189622101e-03 6.5005051853068551e-03 0.0000000000000000e+00 1.7282176430583748e-01 -9.8495311450962864e-01 0.0000000000000000e+00 6.4799768648494219e-07 1.0000285163185495e-06 1 7.3068757186381583e+02 8.5980884220640177e-03 2.9600000000000000e+02 0.0000000000000000e+00 0.0000000000000000e+00 0.0000000000000000e+00 1.8278800576816405e-05 3.4978205080371004e+02 1.6453720528455368e-01 3.4706143280975266e-02 1.8464907795022799e+02 3.0891731881407953e+01 0.0000000000000000e+00 -4.3306525651600340e+05 -4.3306525651600340e+05 0.0000000000000000e+00
-1.2386396906752650e-03 6.4825371176368057e-03 0.0000000000000000e+00 1.8767803213863621e-01 -9.8223060238040294e-01 0.0000000000000000e+00 6.4620655419092706e-07 1.0000285163150993e-06 1 7.5673885624495438e+02 8.9046370144343703e-03 2.9600000000000000e+02 0.0000000000000000e+00 0.0000000000000000e+00 0.0000000000000000e+00 1.8278800576816405e-05 3.4992313886564489e+02 1.7047220229468008e-01 3.5613055342837895e-02 1.8725167584942864e+02 3.4155408304185933e+01 0.0000000000000000e+00 -4.4515558979629935e+05 -4.4515558979629935e+05 0.0000000000000000e+00
-1.3364057029766349e-03 6.4630902486276605e-03 0.0000000000000000e+00 2.0249148671873460e-01 -9.7928402305277928e-01 0.0000000000000000e+00 6.4426800860735800e-07 1.0000285163163827e-06 1 7.8376081882067888e+02 9.2226076937099808e-03 2.9600000000000000e+02 0.0000000000000000e+00 0.0000000000000000e+00 0.0000000000000000e+00 1.8278800576816405e-05 3.5006540904841796e+02 1.7663128314165549e-01 3.6510427368577514e-02 1.8953804141119932e+02 3.7215613699332870e+01 0.0000000000000000e+00 -4.5732951365895913e+05 -4.5732951365895913e+05 0.0000000000000000e+00
-1.4338668534262351e-03 6.4421690145087251e-03 0.0000000000000000e+00 2.1725874879182358e-01 -9.7611404870200047e-01 0.0000000000000000e+00 6.4218249249895724e-07 1.0000285163227967e-06 1 8.1118682006854567e+02 9.5453327445703604e-03 2.9600000000000000e+02 0.0000000000000000e+00 0.0000000000000000e+00 0.0000000000000000e+00 1.8278800576816405e-05 3.5020667657357035e+02 1.8288588294946073e-01 3.7392872625558821e-02 1.9152009698339037e+02 4.0507255449439668e+01 0.0000000000000000e+00 -4.6939738774369663e+05 -4.6939738774369663e+05 0.0000000000000000e+00
-2.8442909231812452e-03 5.9554617712790203e-03 0.0000000000000000e+00 4.3096545937550029e-01 -9.0236842410695184e-01 0.0000000000000000e+00 5.9366546745893380e-07 1.0000285163169490e-06 1 1.3138896111946615e+03 1.5460696868111662e-02 2.9600000000000000e+02 0.0000000000000000e+00 0.0000000000000000e+00 0.0000000000000000e+00 1.8278800576816405e-05 3.5275144542347783e+02 2.9837508573770466e-01 5.2161330967365589e-02 2.1350139550710364e+02 9.8622522057324076e+01 0.0000000000000000e+00 -6.8321739448059758e+05 -6.8321739448059758e+05 0.0000000000000000e+00
-1.5310009091257051e-03 6.4197781878430147e-03 0.0000000000000000e+00 2.3197644964101713e-01 -9.7272140246421468e-01 0.0000000000000000e+00 6.3995048102556849e-07 1.0000285163161733e-06 1 8.3894897835311019e+02 9.8720133956578700e-03 2.9600000000000000e+02 0.0000000000000000e+00 0.0000000000000000e+00 0.0000000000000000e+00 1.8278800576816405e-05 3.5035123852938051e+02 1.8922306931462196e-01 3.8301097270545835e-02 1.9362845381858747e+02 4.4092874103461455e+01 0.0000000000000000e+00 -4.8171817363413749e+05 -4.8171817363413749e+05 0.0000000000000000e+00
-1.6277857117098600e-03 6.3959228764585204e-03 0.0000000000000000e+00 2.4664123184256245e-01 -9.6910685827476395e-01 0.0000000000000000e+00 6.3757248283730103e-07 1.0000285163223927e-06 1 8.6770659994354946e+02 1.0210407783032147e-02 2.9600000000000000e+02 0.0000000000000000e+00 0.0000000000000000e+00 0.0000000000000000e+00 1.8278800576816405e-05 3.5050267795776409e+02 1.9579388206916429e-01 3.9244429415269122e-02 1.9587199059731137e+02 4.7622831336752085e+01 0.0000000000000000e+00 -4.9459941277322656e+05 -4.9459941277322656e+05 0.0000000000000000e+00
-1.7241991824931053e-03 6.3706085222643098e-03 0.0000000000000000e+00 2.6124975004562434e-01 -9.6527124068890546e-01 0.0000000000000000e+00 6.3504904102463000e-07 1.0000285163223636e-06 1 8.9741784007176034e+02 1.0560023514280887e-02 2.9600000000000000e+02 0.0000000000000000e+00 0.0000000000000000e+00 0.0000000000000000e+00 1.8278800576816405e-05 3.5065805420601498e+02 2.0258784907956270e-01 4.0188142197466990e-02 1.9790154068614413e+02 5.1094287586733820e+01 0.0000000000000000e+00 -5.0779425181060575e+05 -5.0779425181060575e+05 0.0000000000000000e+00
-1.8202193276267600e-03 6.3438408999743449e-03 0.0000000000000000e+00 2.7579867175378719e-01 -9.6121542468837184e-01 0.0000000000000000e+00 6.3238073231229889e-07 1.0000285163164946e-06 1 9.2755387615392908e+02 1.0914637870542705e-02 2.9600000000000000e+02 0.0000000000000000e+00 0.0000000000000000e+00 0.0000000000000000e+00 1.8278800576816405e-05 3.5081458647952184e+02 2.0948438845406164e-01 4.1134867415776377e-02 1.9978631919690005e+02 5.4842730101957471e+01 0.0000000000000000e+00 -5.2105959657015803e+05 -5.2105959657015803e+05 0.0000000000000000e+00
-1.9158242429433100e-03 6.3156261158341352e-03 0.0000000000000000e+00 2.9028467805944236e-01 -9.5694033548802071e-01 0.0000000000000000e+00 6.2956816373327240e-07 1.0000285163220860e-06 1 9.5849103540871454e+02 1.1278679139400770e-02 2.9600000000000000e+02 0.0000000000000000e+00 0.0000000000000000e+00 0.0000000000000000e+00 1.8278800576816405e-05 3.5097516088561247e+02 2.1657050700817129e-01 4.2105999082842051e-02 2.0172786045205319e+02 5.8604785522138151e+01 0.0000000000000000e+00 -5.3463853419038863e+05 -5.3463853419038863e+05 0.0000000000000000e+00
-2.0109921190293797e-03 6.2859706062030150e-03 0.0000000000000000e+00 3.0470446441136667e-01 -9.5244694832194310e-01 0.0000000000000000e+00 6.2661197897351032e-07 1.0000285163171862e-06 1 9.9043671839237118e+02 1.1654587828111707e-02 2.9600000000000000e+02 0.0000000000000000e+00 0.0000000000000000e+00 0.0000000000000000e+00 1.8278800576816405e-05 3.5113949036701803e+02 2.2389339568426284e-01 4.3092339576524086e-02 2.0357318317169808e+02 6.2422068936163932e+01 0.0000000000000000e+00 -5.4850867233675090e+05 -5.4850867233675090e+05 0.0000000000000000e+00
-2.1057012461089299e-03 6.2548811361195951e-03 0.0000000000000000e+00 3.1905474135610901e-01 -9.4773628822483447e-01 0.0000000000000000e+00 6.2351284952240806e-07 1.0000285163182005e-06 1 1.0232903479626882e+03 1.2041180433362655e-02 2.9600000000000000e+02 0.0000000000000000e+00 0.0000000000000000e+00 0.0000000000000000e+00 1.8278800576816405e-05 3.5130721823094848e+02 2.3143062439409259e-01 4.4093107034263369e-02 2.0531432331249300e+02 6.6372216839809823e+01 0.0000000000000000e+00 -5.6263651239930594e+05 -5.6263651239930594e+05 0.0000000000000000e+00
-2.1999300189323150e-03 6.2223647977802457e-03 0.0000000000000000e+00 3.3333223527735650e-01 -9.4280942980275761e-01 0.0000000000000000e+00 6.2027148359975175e-07 1.0000285163096994e-06 1 1.0573267870960876e+03 1.2441691300811365e-02 2.9600000000000000e+02 0.0000000000000000e+00 0.0000000000000000e+00 0.0000000000000000e+00 1.8278800576816405e-05 3.5147834399270556e+02 2.3924489672590016e-01 4.5079883749285996e-02 2.0677253921795503e+02 6.9942077822757341e+01 0.0000000000000000e+00 -5.7702979359140457e+05 -5.7702979359140457e+05 0.0000000000000000e+00
-2.2936569420155001e-03 6.1884290088192401e-03 0.0000000000000000e+00 3.4753368919101230e-01 -9.3766749697175966e-01 0.0000000000000000e+00 6.1688862185034462e-07 1.0000285163101532e-06 1 1.0915335146091804e+03 1.2844205972077511e-02 2.9600000000000000e+02 0.0000000000000000e+00 0.0000000000000000e+00 0.0000000000000000e+00 1.8278800576816405e-05 3.5164845371880716e+02 2.4710450493727676e-01 4.6057731421185737e-02 2.0792214436580818e+02 7.4045442227034442e+01 0.0000000000000000e+00 -5.9130768453348055e+05 -5.9130768453348055e+05 0.0000000000000000e+00
-2.3868606344034050e-03 6.1530815106563205e-03 0.0000000000000000e+00 3.6165586346588630e-01 -9.3231166270767207e-01 0.0000000000000000e+00 6.1336503536847144e-07 1.0000285163171607e-06 1 1.1265192873825749e+03 1.3255887762493881e-02 2.9600000000000000e+02 0.0000000000000000e+00 0.0000000000000000e+00 0.0000000000000000e+00 1.8278800576816405e-05 3.5182449759983518e+02 2.5515235671733005e-01 4.7063963630856485e-02 2.0924099781471153e+02 7.7996200562156645e+01 0.0000000000000000e+00 -6.0605029486801731e+05 -6.0605029486801731e+05 0.0000000000000000e+00
-2.4795198343218702e-03 6.1163303668175760e-03 0.0000000000000000e+00 3.7569553652909354e-01 -9.2674314879157138e-01 0.0000000000000000e+00 6.0970152620322056e-07 1.0000285163239876e-06 1 1.1624323217725707e+03 1.3678480751727534e-02 2.9600000000000000e+02 0.0000000000000000e+00 0.0000000000000000e+00 0.0000000000000000e+00 1.8278800576816405e-05 3.5200395236336180e+02 2.6342081743038487e-01 4.8078298201044076e-02 2.1040028405748410e+02 8.2055412277619610e+01 0.0000000000000000e+00 -6.2105037709505658e+05 -6.2105037709505658e+05 0.0000000000000000e+00
-2.5716134042073650e-03 6.0781839610325600e-03 0.0000000000000000e+00 3.8964950562826378e-01 -9.2096322552187138e-01 0.0000000000000000e+00 6.0589893183906621e-07 1.0000285163159442e-06 1 1.1990755897694999e+03 1.4109666487523388e-02 2.9600000000000000e+02 0.0000000000000000e+00 0.0000000000000000e+00 0.0000000000000000e+00 1.8278800576816405e-05 3.5218681118123169e+02 2.7186576769965620e-01 4.9101481193881739e-02 2.1145774398248025e+02 8.6196481907340228e+01 0.0000000000000000e+00 -6.3630251103364490e+05 -6.3630251103364490e+05 0.0000000000000000e+00
-2.6631203356587002e-03 6.0386509952681400e-03 0.0000000000000000e+00 4.0351458758155884e-01 -9.1497321141598686e-01 0.0000000000000000e+00 6.0195811968572678e-07 1.0000285163170428e-06 1 1.2366782544189505e+03 1.4552141558963984e-02 2.9600000000000000e+02 0.0000000000000000e+00 0.0000000000000000e+00 0.0000000000000000e+00 1.8278800576816405e-05 3.5237326030544182e+02 2.8053984010424027e-01 5.0132593447685586e-02 2.1239584924662859e+02 9.0325327778772575e+01 0.0000000000000000e+00 -6.5182334547290474e+05 -6.5182334547290474e+05 0.0000000000000000e+00
-2.7540197539920449e-03 5.9977404878405107e-03 0.0000000000000000e+00 4.1728761946791809e-01 -9.0877447292427727e-01 0.0000000000000000e+00 5.9787998735240929e-07 1.0000285163160319e-06 1 1.2752247327143798e+03 1.5005722598939635e-02 2.9600000000000000e+02 0.0000000000000000e+00 0.0000000000000000e+00 0.0000000000000000e+00 1.8278800576816405e-05 3.5256212262703883e+02 2.8943913759157036e-01 5.1144853473294130e-02 2.1304522366256086e+02 9.4239848930518733e+01 0.0000000000000000e+00 -6.6751976991212112e+05 -6.6751976991212112e+05 0.0000000000000000e+00
-5.0379062319761709e-03 4.2634512501831656e-03 0.0000000000000000e+00 7.6334089310587749e-01 -6.4599588304595357e-01 0.0000000000000000e+00 4.2499874378417426e-07 1.0000285163189986e-06 1 2.6749105669933424e+03 3.1475993929192876e-02 2.9600000000000000e+02 0.0000000000000000e+00 0.0000000000000000e+00 0.0000000000000000e+00 1.8278800576816405e-05 3.5876169574842476e+02 6.1780328129761952e-01 7.6122671814531029e-02 1.5729405966762971e+02 1.8917417805345400e+02 0.0000000000000000e+00 -1.1681531573222855e+06 -1.1681531573222855e+06 0.0000000000000000e+00
-5.1017235191792203e-03 4.1868762698157157e-03 0.0000000000000000e+00 7.7301045477800179e-01 -6.3439328243914039e-01 0.0000000000000000e+00 4.1736542617393627e-07 1.0000285163241699e-06 1 2.7284926907049999e+03 3.2106501214734434e-02 2.9600000000000000e+02 0.0000000000000000e+00 0.0000000000000000e+00 0.0000000000000000e+00 1.8278800576816405e-05 3.5898800488736077e+02 6.3057624822775871e-01 7.6603625339868919e-02 1.5301374365875179e+02 1.9038205096089621e+02 0.0000000000000000e+00 -1.1859787178730038e+06 -1.1859787178730038e+06 0.0000000000000000e+00
-5.1643769972465805e-03 4.1093461761202398e-03 0.0000000000000000e+00 7.8250367670430487e-01 -6.2264596356536728e-01 0.0000000000000000e+00 4.0963690125621650e-07 1.0000285163115369e-06 1 2.7824676948659326e+03 3.2741631571712046e-02 2.9600000000000000e+02 0.0000000000000000e+00 0.0000000000000000e+00 0.0000000000000000e+00 1.8278800576816405e-05 3.5921565200533081e+02 6.4345807988898929e-01 7.7032023920670711e-02 1.4885290856275142e+02 1.9105842087601650e+02 0.0000000000000000e+00 -1.2038842962157922e+06 -1.2038842962157922e+06 0.0000000000000000e+00
-2.9339132506231548e-03 5.9118244901780600e-03 0.0000000000000000e+00 4.4454498712413115e-01 -8.9575652630768254e-01 0.0000000000000000e+00 5.8931552051516140e-07 1.0000285163111930e-06 1 1.3536747627511070e+03 1.5928853525128527e-02 2.9600000000000000e+02 0.0000000000000000e+00 0.0000000000000000e+00 0.0000000000000000e+00 1.8278800576816405e-05 3.5294740501750863e+02 3.0758078534898303e-01 5.3202869762625199e-02 2.1411125352865639e+02 1.0271469723273712e+02 0.0000000000000000e+00 -6.9943055947006261e+05 -6.9943055947006261e+05 0.0000000000000000e+00
-3.0228662915295951e-03 5.8668385991427104e-03 0.0000000000000000e+00 4.5802310493009646e-01 -8.8894028784288659e-01 0.0000000000000000e+00 5.8483113711329868e-07 1.0000285163138980e-06 1 1.3944125343053083e+03 1.6408219776079556e-02 2.9600000000000000e+02 0.0000000000000000e+00 0.0000000000000000e+00 0.0000000000000000e+00 1.8278800576816405e-05 3.5314436222209611e+02 3.1701399228061500e-01 5.4243026316639527e-02 2.1442004278154815e+02 1.0700820528191392e+02 0.0000000000000000e+00 -7.1569543558042031e+05 -7.1569543558042031e+05 0.0000000000000000e+00
-3.1111297537573901e-03 5.8205143604451648e-03 0.0000000000000000e+00 4.7139673813854760e-01 -8.8192126364678247e-01 0.0000000000000000e+00 5.8021334151771234e-07 1.0000285163053694e-06 1 1.4362203871101717e+03 1.6900177801636135e-02 2.9600000000000000e+02 0.0000000000000000e+00 0.0000000000000000e+00 0.0000000000000000e+00 1.8278800576816405e-05 3.5334427103738449e+02 3.2670367336481421e-01 5.5283708371235821e-02 2.1459634431604530e+02 1.1115636735570438e+02 0.0000000000000000e+00 -7.3217098811635585e+05 -7.3217098811635585e+05 0.0000000000000000e+00
-3.1986835026229848e-03 5.7728623415868050e-03 0.0000000000000000e+00 4.8466283595316667e-01 -8.7470105490152117e-01 0.0000000000000000e+00 5.7546318787170385e-07 1.0000285163109766e-06 1 1.4791495977263355e+03 1.7405330979246195e-02 2.9600000000000000e+02 0.0000000000000000e+00 0.0000000000000000e+00 0.0000000000000000e+00 1.8278800576816405e-05 3.5354426922343777e+02 3.3665942535328286e-01 5.6290314338060941e-02 2.1437262184959727e+02 1.1503070503526516e+02 0.0000000000000000e+00 -7.4863161326321762e+05 -7.4863161326321762e+05 0.0000000000000000e+00
-3.2855075653986498e-03 5.7238934129285254e-03 0.0000000000000000e+00 4.9781837211649838e-01 -8.6728130867860831e-01 0.0000000000000000e+00 5.7058175978784884e-07 1.0000285163100694e-06 1 1.5219969169144154e+03 1.7909520530585893e-02 2.9600000000000000e+02 0.0000000000000000e+00 0.0000000000000000e+00 0.0000000000000000e+00 1.8278800576816405e-05 3.5374337536092827e+02 3.4660670859975473e-01 5.7291169166507325e-02 2.1387312512559100e+02 1.1934604066092513e+02 0.0000000000000000e+00 -7.6498027016489988e+05 -7.6498027016489988e+05 0.0000000000000000e+00
-3.3715821357789551e-03 5.6736187452583907e-03 0.0000000000000000e+00 5.1086034558771864e-01 -8.5966371756983928e-01 0.0000000000000000e+00 5.6557017036525981e-07 1.0000285163164776e-06 1 1.5660819810014520e+03 1.8428274774818947e-02 2.9600000000000000e+02 0.0000000000000000e+00 0.0000000000000000e+00 0.0000000000000000e+00 1.8278800576816405e-05 3.5394850395306219e+02 3.5685308025633133e-01 5.8310390954349291e-02 2.1349445048072883e+02 1.2335401799292023e+02 0.0000000000000000e+00 -7.8179118468396785e+05 -7.8179118468396785e+05 0.0000000000000000e+00
-3.4568875782882303e-03 5.6220498073150712e-03 0.0000000000000000e+00 5.2378578120994157e-01 -8.5185001931225623e-01 0.0000000000000000e+00 5.6042956139355294e-07 1.0000285163207587e-06 1 1.6108473203095609e+03 1.8955033899287203e-02 2.9600000000000000e+02 0.0000000000000000e+00 0.0000000000000000e+00 0.0000000000000000e+00 1.8278800576816405e-05 3.5415420526169385e+02 3.6726678910365512e-01 5.9293818886804794e-02 2.1273678585443255e+02 1.2721186467044021e+02 0.0000000000000000e+00 -7.9862299375113437e+05 -7.9862299375113437e+05 0.0000000000000000e+00
-3.5414044329654150e-03 5.5691983630521361e-03 0.0000000000000000e+00 5.3659173041989050e-01 -8.4384199637431390e-01 0.0000000000000000e+00 5.5516110780974999e-07 1.0000285163106678e-06 1 1.6554347740461640e+03 1.9479699822869453e-02 2.9600000000000000e+02 0.0000000000000000e+00 0.0000000000000000e+00 0.0000000000000000e+00 1.8278800576816405e-05 3.5436072954362282e+02 3.7765265040564755e-01 6.0289696076060877e-02 2.1184749182746083e+02 1.3154189281042335e+02 0.0000000000000000e+00 -8.1547822762455291e+05 -8.1547822762455291e+05 0.0000000000000000e+00
-3.6251134197051301e-03 5.5150764690196259e-03 0.0000000000000000e+00 5.4927527190653591e-01 -8.3564147555755108e-01 0.0000000000000000e+00 5.4976600870419371e-07 1.0000285163117590e-06 1 1.7017588686435138e+03 2.0024801008050562e-02 2.9600000000000000e+02 0.0000000000000000e+00 0.0000000000000000e+00 0.0000000000000000e+00 1.8278800576816405e-05 3.5457411217158699e+02 3.8845429067884762e-01 6.1301491869874242e-02 2.1106690104185265e+02 1.3544271591679643e+02 0.0000000000000000e+00 -8.3286462112006813e+05 -8.3286462112006813e+05 0.0000000000000000e+00
-3.7079954427599151e-03 5.4596964715380803e-03 0.0000000000000000e+00 5.6183351229212464e-01 -8.2725032757049732e-01 0.0000000000000000e+00 5.4424549844169867e-07 1.0000285163118020e-06 1 1.7487893673024000e+03 2.0578214534670982e-02 2.9600000000000000e+02 0.0000000000000000e+00 0.0000000000000000e+00 0.0000000000000000e+00 1.8278800576816405e-05 3.5478597258619931e+02 3.9942828965944571e-01 6.2256832890435473e-02 2.0973854159907836e+02 1.3916410027464326e+02 0.0000000000000000e+00 -8.5010398956110200e+05 -8.5010398956110200e+05 0.0000000000000000e+00
-3.7900315951380401e-03 5.4030710038556152e-03 0.0000000000000000e+00 5.7426358679919520e-01 -8.1867046659600673e-01 0.0000000000000000e+00 5.3860083416182371e-07 1.0000285163086392e-06 1 1.7954583643786632e+03 2.1127374228748202e-02 2.9600000000000000e+02 0.0000000000000000e+00 0.0000000000000000e+00 0.0000000000000000e+00 1.8278800576816405e-05 3.5499809875512813e+02 4.1033280760162932e-01 6.3209234990375854e-02 2.0826171256851222e+02 1.4316557474927188e+02 0.0000000000000000e+00 -8.6732165445235011e+05 -8.6732165445235011e+05 0.0000000000000000e+00
-3.8712031626210348e-03 5.3452129834614098e-03 0.0000000000000000e+00 5.8656265985944389e-01 -8.0990384988504305e-01 0.0000000000000000e+00 5.3283330325974308e-07 1.0000285163169850e-06 1 1.8433758761656270e+03 2.1691225345387141e-02 2.9600000000000000e+02 0.0000000000000000e+00 0.0000000000000000e+00 0.0000000000000000e+00 1.8278800576816405e-05 3.5521567722906889e+02 4.2154204750121171e-01 6.4183334577729484e-02 2.0690841129973199e+02 1.4698023536622654e+02 0.0000000000000000e+00 -8.8494774578640237e+05 -8.8494774578640237e+05 0.0000000000000000e+00
-3.9514916283519795e-03 5.2861356089211201e-03 0.0000000000000000e+00 5.9872792580831569e-01 -8.0095247727769225e-01 0.0000000000000000e+00 5.2694422343833415e-07 1.0000285163223681e-06 1 1.8925499263580716e+03 2.2269862300368023e-02 2.9600000000000000e+02 0.0000000000000000e+00 0.0000000000000000e+00 0.0000000000000000e+00 1.8278800576816405e-05 3.5543265081304082e+02 4.3305149462766157e-01 6.5123722226063163e-02 2.0512154444074872e+02 1.5065361877382458e+02 0.0000000000000000e+00 -9.0250264049182320e+05 -9.0250264049182320e+05 0.0000000000000000e+00
-4.0308786768407448e-03 5.2258523570260455e-03 0.0000000000000000e+00 6.1075660949229960e-01 -7.9181839076992311e-01 0.0000000000000000e+00 5.2093493496050873e-07 1.0000285163127157e-06 1 1.9420926037095185e+03 2.2852836935405227e-02 2.9600000000000000e+02 0.0000000000000000e+00 0.0000000000000000e+00 0.0000000000000000e+00 1.8278800576816405e-05 3.5564908868569313e+02 4.4465840987315253e-01 6.6003769504278262e-02 2.0304118518939410e+02 1.5386993563987181e+02 0.0000000000000000e+00 -9.1998726074657124e+05 -9.1998726074657124e+05 0.0000000000000000e+00
-4.1093461980812604e-03 5.1643769797690905e-03 0.0000000000000000e+00 6.2264596689303575e-01 -7.8250367405644605e-01 0.0000000000000000e+00 5.1480680987581836e-07 1.0000285163158248e-06 1 1.9909296339620580e+03 2.3427508136273294e-02 2.9600000000000000e+02 0.0000000000000000e+00 0.0000000000000000e+00 0.0000000000000000e+00 1.8278800576816405e-05 3.5586447378069914e+02 4.5611611992290901e-01 6.6879827727907973e-02 2.0072255876383389e+02 1.5751745020966538e+02 0.0000000000000000e+00 -9.3734456009880663e+05 -9.3734456009880663e+05 0.0000000000000000e+00
-4.1868762920276650e-03 5.1017235009467206e-03 0.0000000000000000e+00 6.3439328580502552e-01 -7.7301045201569119e-01 0.0000000000000000e+00 5.0856124753032745e-07 1.0000285163224147e-06 1 2.0411758163416957e+03 2.4018760999476228e-02 2.9600000000000000e+02 0.0000000000000000e+00 0.0000000000000000e+00 0.0000000000000000e+00 1.8278800576816405e-05 3.5608619834572028e+02 4.6791873188235122e-01 6.7772605413650086e-02 1.9859758542219510e+02 1.6083705370562882e+02 0.0000000000000000e+00 -9.5518378385792300e+05 -9.5518378385792300e+05 0.0000000000000000e+00
-4.2634512725504350e-03 5.0379062130453799e-03 0.0000000000000000e+00 6.4599588643514638e-01 -7.6334089023769025e-01 0.0000000000000000e+00 5.0219967219293093e-07 1.0000285163200244e-06 1 2.0919396734467832e+03 2.4616105403352188e-02 2.9600000000000000e+02 0.0000000000000000e+00 0.0000000000000000e+00 0.0000000000000000e+00 1.8278800576816405e-05 3.5630560832656971e+02 4.7985131661457725e-01 6.8625332995517291e-02 1.9599973745335870e+02 1.6416875613226853e+02 0.0000000000000000e+00 -9.7281091324525024e+05 -9.7281091324525024e+05 0.0000000000000000e+00
-4.3390536713859458e-03 4.9729396740435510e-03 0.0000000000000000e+00 6.5745112200150380e-01 -7.5349719453954433e-01 0.0000000000000000e+00 4.9572353534266126e-07 1.0000285163167097e-06 1 2.1432173321875225e+03 2.5219495772788324e-02 2.9600000000000000e+02 0.0000000000000000e+00 0.0000000000000000e+00 0.0000000000000000e+00 1.8278800576816405e-05 3.5652467374709431e+02 4.9191569575357647e-01 6.9468945936385473e-02 1.9322927422511555e+02 1.6750659476983307e+02 0.0000000000000000e+00 -9.9037796488649072e+05 -9.9037796488649072e+05 0.0000000000000000e+00
-4.4136662421073751e-03 4.9068387041064053e-03 0.0000000000000000e+00 6.6875637933445764e-01 -7.4348161046489025e-01 0.0000000000000000e+00 4.8913431366286539e-07 1.0000285163110066e-06 1 2.1956346586468148e+03 2.5836296749155812e-02 2.9600000000000000e+02 0.0000000000000000e+00 0.0000000000000000e+00 0.0000000000000000e+00 1.8278800576816405e-05 3.5674442965461611e+02 5.0425725380522690e-01 7.0271073524109537e-02 1.9034379103740213e+02 1.7031795031295781e+02 0.0000000000000000e+00 -1.0079782079814435e+06 -1.0079782079814435e+06 0.0000000000000000e+00
-4.4872719638374102e-03 4.8396183824152197e-03 0.0000000000000000e+00 6.7990907943950940e-01 -7.3329642280302909e-01 0.0000000000000000e+00 4.8243350763894133e-07 1.0000285163133222e-06 1 2.2479025761706116e+03 2.6451339612633601e-02 2.9600000000000000e+02 0.0000000000000000e+00 0.0000000000000000e+00 0.0000000000000000e+00 1.8278800576816405e-05 3.5695996732194538e+02 5.1657320386385974e-01 7.1041202218588076e-02 1.8696119564479017e+02 1.7337687790408216e+02 0.0000000000000000e+00 -1.0252113525656378e+06 -1.0252113525656378e+06 0.0000000000000000e+00
-4.5598540454795900e-03 4.7712940434205906e-03 0.0000000000000000e+00 6.9090667813881590e-01 -7.2294395502223174e-01 0.0000000000000000e+00 4.7562264980618689e-07 1.0000285163163817e-06 1 2.3012312178683837e+03 2.7078864144871675e-02 2.9600000000000000e+02 0.0000000000000000e+00 0.0000000000000000e+00 0.0000000000000000e+00 1.8278800576816405e-05 3.5718134687234311e+02 5.2915621777593957e-01 7.1774012538873846e-02 1.8379328883072316e+02 1.7565662129128629e+02 0.0000000000000000e+00 -1.0428831826791371e+06 -1.0428831826791371e+06 0.0000000000000000e+00
-4.6313959297204794e-03 4.7018812731736796e-03 0.0000000000000000e+00 7.0174666667698538e-01 -7.1242656871269194e-01 0.0000000000000000e+00 4.6870329347701332e-07 1.0000285163118740e-06 1 2.3536518393513602e+03 2.7695703894178626e-02 2.9600000000000000e+02 0.0000000000000000e+00 0.0000000000000000e+00 0.0000000000000000e+00 1.8278800576816405e-05 3.5739875289879114e+02 5.4153948761474036e-01 7.2470626123509851e-02 1.8005852798651111e+02 1.7832840698789283e+02 0.0000000000000000e+00 -1.0602038865684529e+06 -1.0602038865684529e+06 0.0000000000000000e+00
-4.7018812962228256e-03 4.6313959063233748e-03 0.0000000000000000e+00 7.1242657220486294e-01 -7.0174666313166689e-01 0.0000000000000000e+00 4.6167701333567890e-07 1.0000285163143636e-06 1 2.4069207506555595e+03 2.8322525571701222e-02 2.9600000000000000e+02 0.0000000000000000e+00 0.0000000000000000e+00 0.0000000000000000e+00 1.8278800576816405e-05 3.5762508658281996e+02 5.5414656200242518e-01 7.3171275362011387e-02 1.7670756311081922e+02 1.8054050328986742e+02 0.0000000000000000e+00 -1.0782020332711106e+06 -1.0782020332711106e+06 0.0000000000000000e+00
-4.7712940657242756e-03 4.5598540221449798e-03 0.0000000000000000e+00 7.2294395840145487e-01 -6.9090667460289856e-01 0.0000000000000000e+00 4.5454541679587666e-07 1.0000285163186212e-06 1 2.4602024403548403e+03 2.8949497614133575e-02 2.9600000000000000e+02 0.0000000000000000e+00 0.0000000000000000e+00 0.0000000000000000e+00 1.8278800576816405e-05 3.5784976883918654e+02 5.6676948810286187e-01 7.3829805703802279e-02 1.7294071377304144e+02 1.8277425869356841e+02 0.0000000000000000e+00 -1.0960415924525608e+06 -1.0960415924525608e+06 0.0000000000000000e+00
-4.8396184039046896e-03 4.4872719406647103e-03 0.0000000000000000e+00 7.3329642605883316e-01 -6.7990907592805550e-01 0.0000000000000000e+00 4.4731012958867455e-07 1.0000285163206719e-06 1 2.5138342706342296e+03 2.9580589802827958e-02 2.9600000000000000e+02 0.0000000000000000e+00 0.0000000000000000e+00 0.0000000000000000e+00 1.8278800576816405e-05 3.5807729951527796e+02 5.7949315213254260e-01 7.4464892677596414e-02 1.6919070303360940e+02 1.8474388027480794e+02 0.0000000000000000e+00 -1.1140764920445895e+06 -1.1140764920445895e+06 0.0000000000000000e+00
-4.9068387247055553e-03 4.4136662192113749e-03 0.0000000000000000e+00 7.4348161358565312e-01 -6.6875637586498837e-01 0.0000000000000000e+00 4.3997280294298493e-07 1.0000285163190583e-06 1 2.5676608729256150e+03 3.0213973897181848e-02 2.9600000000000000e+02 0.0000000000000000e+00 0.0000000000000000e+00 0.0000000000000000e+00 1.8278800576816405e-05 3.5830484635572913e+02 5.9227748242421829e-01 7.5052997209420158e-02 1.6528342770139980e+02 1.8643102054902161e+02 0.0000000000000000e+00 -1.1320859180811653e+06 -1.1320859180811653e+06 0.0000000000000000e+00
-4.9729396937258554e-03 4.3390536488332751e-03 0.0000000000000000e+00 7.5349719752138811e-01 -6.5745111858404681e-01 0.0000000000000000e+00 4.3253510741435387e-07 1.0000285163131820e-06 1 2.6211705837755831e+03 3.0843629091882291e-02 2.9600000000000000e+02 0.0000000000000000e+00 0.0000000000000000e+00 0.0000000000000000e+00 1.8278800576816405e-05 3.5853273324677519e+02 6.0500501339405721e-01 7.5606700184347730e-02 1.6128669473185045e+02 1.8796411023496358e+02 0.0000000000000000e+00 -1.1500909710494839e+06 -1.1500909710494839e+06 0.0000000000000000e+00
-5.2258523737428904e-03 4.0308786551730797e-03 0.0000000000000000e+00 7.9181839330246861e-01 -6.1075660620896854e-01 0.0000000000000000e+00 4.0181492887889547e-07 1.0000285163134969e-06 1 2.8358483277147720e+03 3.3369767890069464e-02 2.9600000000000000e+02 0.0000000000000000e+00 0.0000000000000000e+00 0.0000000000000000e+00 1.8278800576816405e-05 3.5943486267820219e+02 6.5620279190546538e-01 7.7413754127577103e-02 1.4422657590528834e+02 1.9183154743899874e+02 0.0000000000000000e+00 -1.2211023157334635e+06 -1.2211023157334635e+06 0.0000000000000000e+00
-5.2861356248063499e-03 3.9514916071069399e-03 0.0000000000000000e+00 8.0095247968426009e-01 -5.9872792258891272e-01 0.0000000000000000e+00 3.9390129426419649e-07 1.0000285163181528e-06 1 2.8899633716922162e+03 3.4006546112388354e-02 2.9600000000000000e+02 0.0000000000000000e+00 0.0000000000000000e+00 0.0000000000000000e+00 1.8278800576816405e-05 3.5965425711638477e+02 6.6913295538179707e-01 7.7723294137375484e-02 1.3994101827972040e+02 1.9176187443938659e+02 0.0000000000000000e+00 -1.2383159146218065e+06 -1.2383159146218065e+06 0.0000000000000000e+00
-5.3452129985955754e-03 3.8712031417280747e-03 0.0000000000000000e+00 8.0990385217793481e-01 -5.8656265669350449e-01 0.0000000000000000e+00 3.8589780275675459e-07 1.0000285163179256e-06 1 2.9419526419640033e+03 3.4618310100183021e-02 2.9600000000000000e+02 0.0000000000000000e+00 0.0000000000000000e+00 0.0000000000000000e+00 1.8278800576816405e-05 3.5986371940028789e+02 6.8156709912883784e-01 7.7989555496962876e-02 1.3508243815071461e+02 1.9205119000778936e+02 0.0000000000000000e+00 -1.2547231687292960e+06 -1.2547231687292960e+06 0.0000000000000000e+00
-5.4030710183990199e-03 3.7900315744073851e-03 0.0000000000000000e+00 8.1867046879936956e-01 -5.7426358365807995e-01 0.0000000000000000e+00 3.7780628062225113e-07 1.0000285163091688e-06 1 2.9954883004501307e+03 3.5248270623834760e-02 2.9600000000000000e+02 0.0000000000000000e+00 0.0000000000000000e+00 0.0000000000000000e+00 1.8278800576816405e-05 3.6007897117929895e+02 6.9438489152105465e-01 7.8254675059467788e-02 1.3068356034886841e+02 1.9190238004215672e+02 0.0000000000000000e+00 -1.2715608607643612e+06 -1.2715608607643612e+06 0.0000000000000000e+00
-5.4596964855335248e-03 3.7079954221559599e-03 0.0000000000000000e+00 8.2725032969091350e-01 -5.6183350916999875e-01 0.0000000000000000e+00 3.6962857146530454e-07 1.0000285163231982e-06 1 3.0483774285246959e+03 3.5870623346477941e-02 2.9600000000000000e+02 0.0000000000000000e+00 0.0000000000000000e+00 0.0000000000000000e+00 1.8278800576816405e-05 3.6028945862520089e+02 7.0705820938348840e-01 7.8384070464269692e-02 1.2608314706035998e+02 1.9104611212710830e+02 0.0000000000000000e+00 -1.2880121198704273e+06 -1.2880121198704273e+06 0.0000000000000000e+00
-5.5150764824516453e-03 3.6251133992733853e-03 0.0000000000000000e+00 8.3564147759253793e-01 -5.4927526881060273e-01 0.0000000000000000e+00 3.6136654256679656e-07 1.0000285163098212e-06 1 3.0991587546179276e+03 3.6468173310035615e-02 2.9600000000000000e+02 0.0000000000000000e+00 0.0000000000000000e+00 0.0000000000000000e+00 1.8278800576816405e-05 3.6049217737844430e+02 7.1924117973254587e-01 7.8473565117525790e-02 1.2117147867099668e+02 1.9037323485202455e+02 0.0000000000000000e+00 -1.3038322660565893e+06 -1.3038322660565893e+06 0.0000000000000000e+00
-5.5691983758655254e-03 3.5414044128200752e-03 0.0000000000000000e+00 8.4384199831540141e-01 -5.3659172736734406e-01 0.0000000000000000e+00 3.5302207876530183e-07 1.0000285163086383e-06 1 3.1505689332875959e+03 3.7073123057392618e-02 2.9600000000000000e+02 0.0000000000000000e+00 0.0000000000000000e+00 0.0000000000000000e+00 1.8278800576816405e-05 3.6070198473881879e+02 7.3159780594478785e-01 7.8578600124062079e-02 1.1656802180527905e+02 1.8961106412171364e+02 0.0000000000000000e+00 -1.3201798982693376e+06 -1.3201798982693376e+06 0.0000000000000000e+00
-5.6220498195005599e-03 3.4568875584743649e-03 0.0000000000000000e+00 8.5185002115840669e-01 -5.2378577820748606e-01 0.0000000000000000e+00 3.4459708368925565e-07 1.0000285163162371e-06 1 3.2017894521294356e+03 3.7675841054775248e-02 2.9600000000000000e+02 0.0000000000000000e+00 0.0000000000000000e+00 0.0000000000000000e+00 1.8278800576816405e-05 3.6091300095338170e+02 7.4392674495865063e-01 7.8585785188632809e-02 1.1201275798274305e+02 1.8825191339308526e+02 0.0000000000000000e+00 -1.3366039608578731e+06 -1.3366039608578731e+06 0.0000000000000000e+00
-5.6736187568083643e-03 3.3715821163487550e-03 0.0000000000000000e+00 8.5966371931945718e-01 -5.1086034264350333e-01 0.0000000000000000e+00 3.3609347798717455e-07 1.0000285163087889e-06 1 3.2513547464544504e+03 3.8259081826456987e-02 2.9600000000000000e+02 0.0000000000000000e+00 0.0000000000000000e+00 0.0000000000000000e+00 1.8278800576816405e-05 3.6111452647413989e+02 7.5586492329163013e-01 7.8528966930032071e-02 1.0709181171660754e+02 1.8689748564267944e+02 0.0000000000000000e+00 -1.3522708440131256e+06 -1.3522708440131256e+06 0.0000000000000000e+00
-5.7238934238589643e-03 3.2855075463599204e-03 0.0000000000000000e+00 8.6728131033456346e-01 -4.9781836923155282e-01 0.0000000000000000e+00 3.2751320346349206e-07 1.0000285163211839e-06 1 3.3010427501794557e+03 3.8843766534387210e-02 2.9600000000000000e+02 0.0000000000000000e+00 0.0000000000000000e+00 0.0000000000000000e+00 1.8278800576816405e-05 3.6131888436391586e+02 7.6785052475917948e-01 7.8439901314197202e-02 1.0249373707623158e+02 1.8521388749099853e+02 0.0000000000000000e+00 -1.3681370840404811e+06 -1.3681370840404811e+06 0.0000000000000000e+00
-5.7728623519863447e-03 3.1986834838580703e-03 0.0000000000000000e+00 8.7470105647699625e-01 -4.8466283310980879e-01 0.0000000000000000e+00 3.1885821568682299e-07 1.0000285163093365e-06 1 3.3498024544481045e+03 3.9417527831115101e-02 2.9600000000000000e+02 0.0000000000000000e+00 0.0000000000000000e+00 0.0000000000000000e+00 1.8278800576816405e-05 3.6151923401492775e+02 7.7962450387991489e-01 7.8273352136117982e-02 9.7723841454550609e+01 1.8329161898909211e+02 0.0000000000000000e+00 -1.3836752526616091e+06 -1.3836752526616091e+06 0.0000000000000000e+00
-5.8205143704065550e-03 3.1111297351222355e-03 0.0000000000000000e+00 8.8192126515601565e-01 -4.7139673531497089e-01 0.0000000000000000e+00 3.1013049101967146e-07 1.0000285163069669e-06 1 3.3978351870075235e+03 3.9982734764422850e-02 2.9600000000000000e+02 0.0000000000000000e+00 0.0000000000000000e+00 0.0000000000000000e+00 1.8278800576816405e-05 3.6171739802774977e+02 7.9123699281726856e-01 7.8042136520834485e-02 9.3058053348340010e+01 1.8105647591864667e+02 0.0000000000000000e+00 -1.3990262000489072e+06 -1.3990262000489072e+06 0.0000000000000000e+00
-5.8668386086804507e-03 3.0228662730223399e-03 0.0000000000000000e+00 8.8894028928787716e-01 -4.5802310212562997e-01 0.0000000000000000e+00 3.0133201753814123e-07 1.0000285163196951e-06 1 3.4448942439242610e+03 4.0536484339493584e-02 2.9600000000000000e+02 0.0000000000000000e+00 0.0000000000000000e+00 0.0000000000000000e+00 1.8278800576816405e-05 3.6191171182798928e+02 8.0262633915559278e-01 7.7749570956961750e-02 8.8327347299115132e+01 1.7864454717697774e+02 0.0000000000000000e+00 -1.4140623848005093e+06 -1.4140623848005093e+06 0.0000000000000000e+00
-5.9118244991933008e-03 2.9339132324628352e-03 0.0000000000000000e+00 8.9575652767329228e-01 -4.4454498437243273e-01 0.0000000000000000e+00 2.9246480433413430e-07 1.0000285163117285e-06 1 3.4911172961775615e+03 4.1080396547275924e-02 2.9600000000000000e+02 0.0000000000000000e+00 0.0000000000000000e+00 0.0000000000000000e+00 1.8278800576816405e-05 3.6210783511917208e+02 8.1383664056098504e-01 7.7396037078277954e-02 8.3793104303925745e+01 1.7592899815470872e+02 0.0000000000000000e+00 -1.4292192845374127e+06 -1.4292192845374127e+06 0.0000000000000000e+00
-5.9554617797321248e-03 2.8442909054880203e-03 0.0000000000000000e+00 9.0236842538740125e-01 -4.3096545669445729e-01 0.0000000000000000e+00 2.8353087350403732e-07 1.0000285163101640e-06 1 3.5361364956883672e+03 4.1610142875240827e-02 2.9600000000000000e+02 0.0000000000000000e+00 0.0000000000000000e+00 0.0000000000000000e+00 1.8278800576816405e-05 3.6230318811264846e+02 8.2477607080625503e-01 7.6990276775560210e-02 7.9174500841381359e+01 1.7312686835802592e+02 0.0000000000000000e+00 -1.4442975875089006e+06 -1.4442975875089006e+06 0.0000000000000000e+00
-5.9977404958103352e-03 2.7540197366381853e-03 0.0000000000000000e+00 9.0877447413172141e-01 -4.1728761683833049e-01 0.0000000000000000e+00 2.7453226482404613e-07 1.0000285163193999e-06 1 3.5807713420585642e+03 4.2135366473634979e-02 2.9600000000000000e+02 0.0000000000000000e+00 0.0000000000000000e+00 0.0000000000000000e+00 1.8278800576816405e-05 3.6249942284083738e+02 8.3563916151194451e-01 7.6493498861431169e-02 7.4882700999244150e+01 1.6980220870555809e+02 0.0000000000000000e+00 -1.4594283446430257e+06 -1.4594283446430257e+06 0.0000000000000000e+00
-6.0386510027735409e-03 2.6631203186465004e-03 0.0000000000000000e+00 9.1497321255279407e-01 -4.0351458500383797e-01 0.0000000000000000e+00 2.6547102818611821e-07 1.0000285163124008e-06 1 3.6233486781313859e+03 4.2636379101229367e-02 2.9600000000000000e+02 0.0000000000000000e+00 0.0000000000000000e+00 0.0000000000000000e+00 1.8278800576816405e-05 3.6268148872954833e+02 8.4600006118319437e-01 7.5914316153595632e-02 7.0259935695173255e+01 1.6640885750008300e+02 0.0000000000000000e+00 -1.4734554929556495e+06 -1.4734554929556495e+06 0.0000000000000000e+00
-6.0781839680066254e-03 2.5716133877307255e-03 0.0000000000000000e+00 9.2096322657819985e-01 -3.8964950313155960e-01 0.0000000000000000e+00 2.5634923249956813e-07 1.0000285163130044e-06 1 3.6652300385953372e+03 4.3129202100239544e-02 2.9600000000000000e+02 0.0000000000000000e+00 0.0000000000000000e+00 0.0000000000000000e+00 1.8278800576816405e-05 3.6286317169545237e+02 8.5620745635296003e-01 7.5293172824355298e-02 6.6100398907934675e+01 1.6274771463646633e+02 0.0000000000000000e+00 -1.4874361367837440e+06 -1.4874361367837440e+06 0.0000000000000000e+00
-6.1163303732617805e-03 2.4795198184334255e-03 0.0000000000000000e+00 9.2674314976759042e-01 -3.7569553412150852e-01 0.0000000000000000e+00 2.4716895838508621e-07 1.0000285163098587e-06 1 3.7057624325431402e+03 4.3606151648227884e-02 2.9600000000000000e+02 0.0000000000000000e+00 0.0000000000000000e+00 0.0000000000000000e+00 1.8278800576816405e-05 3.6303490264970446e+02 8.6608562640777320e-01 7.4617832764531933e-02 6.1711526761046976e+01 1.5908485229780212e+02 0.0000000000000000e+00 -1.5006397345577388e+06 -1.5006397345577388e+06 0.0000000000000000e+00
-6.1530815165826303e-03 2.3868606191339852e-03 0.0000000000000000e+00 9.3231166360522100e-01 -3.6165586115209741e-01 0.0000000000000000e+00 2.3793230014974377e-07 1.0000285163104414e-06 1 3.7460907125957001e+03 4.4080699363494479e-02 2.9600000000000000e+02 0.0000000000000000e+00 0.0000000000000000e+00 0.0000000000000000e+00 1.8278800576816405e-05 3.6320707519848287e+02 8.7592609697741564e-01 7.3853830644261154e-02 5.7784548945189350e+01 1.5493414401632424e+02 0.0000000000000000e+00 -1.5138655242694071e+06 -1.5138655242694071e+06 0.0000000000000000e+00
-6.1884290142672051e-03 2.2936569273236552e-03 0.0000000000000000e+00 9.3766749779692005e-01 -3.4753368696467796e-01 0.0000000000000000e+00 2.2864136432502641e-07 1.0000285163236414e-06 1 3.7841966397428760e+03 4.4529096385193395e-02 2.9600000000000000e+02 0.0000000000000000e+00 0.0000000000000000e+00 0.0000000000000000e+00 1.8278800576816405e-05 3.6336912366001764e+02 8.8523095764398829e-01 7.3002918099738176e-02 5.3503281664807503e+01 1.5072952526435753e+02 0.0000000000000000e+00 -1.5263031971121032e+06 -1.5263031971121032e+06 0.0000000000000000e+00
-6.2223648027553554e-03 2.1999300048701751e-03 0.0000000000000000e+00 9.4280943055607225e-01 -3.3333223314665333e-01 0.0000000000000000e+00 2.1929827013078923e-07 1.0000285163084206e-06 1 3.8224826378786001e+03 4.4979612323843142e-02 2.9600000000000000e+02 0.0000000000000000e+00 0.0000000000000000e+00 0.0000000000000000e+00 1.8278800576816405e-05 3.6353061176832779e+02 8.9458453249803271e-01 7.2065137693603204e-02 4.9661826735184405e+01 1.4608945660027115e+02 0.0000000000000000e+00 -1.5386900980888840e+06 -1.5386900980888840e+06 0.0000000000000000e+00
-6.2548811406125011e-03 2.1057012327728802e-03 0.0000000000000000e+00 9.4773628890516404e-01 -3.1905473933522371e-01 0.0000000000000000e+00 2.0990515028352420e-07 1.0000285163181183e-06 1 3.8578653170204593e+03 4.5395964559170235e-02 2.9600000000000000e+02 0.0000000000000000e+00 0.0000000000000000e+00 0.0000000000000000e+00 1.8278800576816405e-05 3.6368610598763962e+02 9.0325140917907432e-01 7.1022557036686099e-02 4.5701631105129124e+01 1.4128528244686811e+02 0.0000000000000000e+00 -1.5506048058243929e+06 -1.5506048058243929e+06 0.0000000000000000e+00
-6.2859706102359105e-03 2.0109921064339854e-03 0.0000000000000000e+00 9.5244694893252524e-01 -3.0470446250280564e-01 0.0000000000000000e+00 2.0046414652534025e-07 1.0000285163166699e-06 1 3.8924847131842412e+03 4.5803335152015269e-02 2.9600000000000000e+02 0.0000000000000000e+00 0.0000000000000000e+00 0.0000000000000000e+00 1.8278800576816405e-05 3.6384320831473326e+02 9.1175061373593436e-01 6.9981425327997435e-02 4.1877500813238861e+01 1.3661466833243927e+02 0.0000000000000000e+00 -1.5626284405897346e+06 -1.5626284405897346e+06 0.0000000000000000e+00
-6.3156261194744455e-03 1.9158242309496353e-03 0.0000000000000000e+00 9.5694033603932904e-01 -2.9028467624202253e-01 0.0000000000000000e+00 1.9097741295243968e-07 1.0000285163122723e-06 1 3.9268328157966662e+03 4.6207513401056027e-02 2.9600000000000000e+02 0.0000000000000000e+00 0.0000000000000000e+00 0.0000000000000000e+00 1.8278800576816405e-05 3.6400634123163138e+02 9.2020849285528139e-01 6.8812391833334652e-02 3.8504535761138889e+01 1.3142213569144860e+02 0.0000000000000000e+00 -1.5751014284377699e+06 -1.5751014284377699e+06 0.0000000000000000e+00
-6.3438409032583257e-03 1.8202193161916801e-03 0.0000000000000000e+00 9.6121542518552416e-01 -2.7579867002110747e-01 0.0000000000000000e+00 1.8144711281961839e-07 1.0000285163122941e-06 1 3.9584569631334448e+03 4.6579638541190037e-02 2.9600000000000000e+02 0.0000000000000000e+00 0.0000000000000000e+00 0.0000000000000000e+00 1.8278800576816405e-05 3.6414955757864192e+02 9.2798421800501918e-01 6.7524317909259085e-02 3.4751868553097182e+01 1.2611369531228307e+02 0.0000000000000000e+00 -1.5860482570761789e+06 -1.5860482570761789e+06 0.0000000000000000e+00
-6.3706085251770701e-03 1.7241991717420950e-03 0.0000000000000000e+00 9.6527124112982676e-01 -2.6124974841649884e-01 0.0000000000000000e+00 1.7187542105110768e-07 1.0000285163133538e-06 1 3.9893373395436956e+03 4.6943011639496192e-02 2.9600000000000000e+02 0.0000000000000000e+00 0.0000000000000000e+00 0.0000000000000000e+00 1.8278800576816405e-05 3.6429458374533033e+02 9.3559599126805992e-01 6.6180063705923706e-02 3.1581043272431437e+01 1.2061912677753298e+02 0.0000000000000000e+00 -1.5971210841066311e+06 -1.5971210841066311e+06 0.0000000000000000e+00
-6.3959228790200348e-03 1.6277857016567851e-03 0.0000000000000000e+00 9.6910685866245450e-01 -2.4664123031924232e-01 0.0000000000000000e+00 1.6226452123612974e-07 1.0000285163151429e-06 1 4.0185313723084564e+03 4.7286541329576687e-02 2.9600000000000000e+02 0.0000000000000000e+00 0.0000000000000000e+00 0.0000000000000000e+00 1.8278800576816405e-05 3.6443226305028185e+02 9.4279887842841126e-01 6.4745651110648589e-02 2.8179878179079836e+01 1.1507134907264732e+02 0.0000000000000000e+00 -1.6076259740138201e+06 -1.6076259740138201e+06 0.0000000000000000e+00
-6.4197781901183006e-03 1.5310008995912600e-03 0.0000000000000000e+00 9.7272140280876462e-01 -2.3197644819625363e-01 0.0000000000000000e+00 1.5261660601151194e-07 1.0000285163166083e-06 1 4.0471872057296737e+03 4.7623737963337805e-02 2.9600000000000000e+02 0.0000000000000000e+00 0.0000000000000000e+00 0.0000000000000000e+00 1.8278800576816405e-05 3.6457078984596490e+02 9.4988283276107977e-01 6.3163306294387794e-02 2.5370224181091469e+01 1.0904077129684539e+02 0.0000000000000000e+00 -1.6181874931486933e+06 -1.6181874931486933e+06 0.0000000000000000e+00
-6.4421690165315905e-03 1.4338668443485501e-03 0.0000000000000000e+00 9.7611404900816467e-01 -2.1725874741626927e-01 0.0000000000000000e+00 1.4293387463328484e-07 1.0000285163181827e-06 1 4.0727067652034693e+03 4.7924029684857206e-02 2.9600000000000000e+02 0.0000000000000000e+00 0.0000000000000000e+00 0.0000000000000000e+00 1.8278800576816405e-05 3.6468687996942600e+02 9.5617670180975067e-01 6.1466031193428687e-02 2.2133786861124452e+01 1.0300187825647618e+02 0.0000000000000000e+00 -1.6270377104808157e+06 -1.6270377104808157e+06 0.0000000000000000e+00
-6.4630902503792359e-03 1.3364056945188601e-03 0.0000000000000000e+00 9.7928402331778808e-01 -2.0249148543710688e-01 0.0000000000000000e+00 1.3321853730640987e-07 1.0000285163168410e-06 1 4.0981605265933094e+03 4.8223547152419603e-02 2.9600000000000000e+02 0.0000000000000000e+00 0.0000000000000000e+00 0.0000000000000000e+00 1.8278800576816405e-05 3.6480266180962087e+02 9.6245811919947122e-01 5.9679341704400167e-02 1.9622614780856118e+01 9.6730288125988267e+01 0.0000000000000000e+00 -1.6358575240838570e+06 -1.6358575240838570e+06 0.0000000000000000e+00
-6.5005051865507204e-03 1.1405911118867200e-03 0.0000000000000000e+00 9.8495311469775504e-01 -1.7282176323365983e-01 0.0000000000000000e+00 1.1369891662948833e-07 1.0000285163213087e-06 1 4.1431377474604933e+03 4.8752799512642893e-02 2.9600000000000000e+02 0.0000000000000000e+00 0.0000000000000000e+00 0.0000000000000000e+00 1.8278800576816405e-05 3.6499955223636124e+02 9.7354623233662485e-01 5.5612395069828804e-02 1.4573479642990423e+01 8.3514237694117071e+01 0.0000000000000000e+00 -1.6508520757917159e+06 -1.6508520757917159e+06 0.0000000000000000e+00
-6.5169903537985706e-03 1.0422823482040501e-03 0.0000000000000000e+00 9.8745093853783084e-01 -1.5792607125094038e-01 0.0000000000000000e+00 1.0389908594890437e-07 1.0000285163151022e-06 1 4.1623544146759268e+03 4.8978924343908631e-02 2.9600000000000000e+02 0.0000000000000000e+00 0.0000000000000000e+00 0.0000000000000000e+00 1.8278800576816405e-05 3.6507719201575605e+02 9.7826977186077968e-01 5.3364207218433393e-02 1.2042764041595246e+01 7.6761155627194057e+01 0.0000000000000000e+00 -1.6567657643463351e+06 -1.6567657643463351e+06 0.0000000000000000e+00
-6.5319888602275254e-03 9.4373581830633504e-04 0.0000000000000000e+00 9.8972350431517020e-01 -1.4299435305668351e-01 0.0000000000000000e+00 9.4075553406096495e-08 1.0000285163208201e-06 1 4.1809905267397853e+03 4.9198217712974460e-02 2.9600000000000000e+02 0.0000000000000000e+00 0.0000000000000000e+00 0.0000000000000000e+00 1.8278800576816405e-05 3.6515595200799817e+02 9.8286177186023083e-01 5.0966031395955798e-02 1.0247875411101953e+01 6.9809274495769159e+01 0.0000000000000000e+00 -1.6627590116644592e+06 -1.6627590116644592e+06 0.0000000000000000e+00
-6.5454972843564108e-03 8.4497400278058009e-04 0.0000000000000000e+00 9.9177029360898561e-01 -1.2803001489786067e-01 0.0000000000000000e+00 8.4230560461838322e-08 1.0000285163070029e-06 1 4.1965022845406747e+03 4.9380746430157225e-02 2.9600000000000000e+02 0.0000000000000000e+00 0.0000000000000000e+00 0.0000000000000000e+00 1.8278800576816405e-05 3.6522214457571835e+02 9.8668708190803112e-01 4.8426259698231548e-02 8.0416173727417029e+00 6.2953542079052362e+01 0.0000000000000000e+00 -1.6677953676252544e+06 -1.6677953676252544e+06 0.0000000000000000e+00
-6.5575125446529952e-03 7.4601943111913009e-04 0.0000000000000000e+00 9.9359083950714600e-01 -1.1303647043094074e-01 0.0000000000000000e+00 7.4366352853498018e-08 1.0000285163102593e-06 1 4.2122819731046520e+03 4.9566427920810792e-02 2.9600000000000000e+02 0.0000000000000000e+00 0.0000000000000000e+00 0.0000000000000000e+00 1.8278800576816405e-05 3.6530417393530610e+02 9.9061966731473994e-01 4.5697384853887142e-02 6.7000398478701122e+00 5.5902163224458874e+01 0.0000000000000000e+00 -1.6740237355276733e+06 -1.6740237355276733e+06 0.0000000000000000e+00
-6.5680319001958807e-03 6.4689467681318500e-04 0.0000000000000000e+00 9.9518472670665548e-01 -9.8017139979697521e-02 0.0000000000000000e+00 6.4485180778477504e-08 1.0000285163063998e-06 1 4.2244498220903388e+03 4.9709608461323329e-02 2.9600000000000000e+02 0.0000000000000000e+00 0.0000000000000000e+00 0.0000000000000000e+00 1.8278800576816405e-05 3.6536866079106198e+02 9.9365660882875950e-01 4.2696694115286642e-02 4.9300310905445288e+00 4.8760734930106402e+01 0.0000000000000000e+00 -1.6789207249441338e+06 -1.6789207249441338e+06 0.0000000000000000e+00
-6.5770529512878748e-03 5.4762235239605504e-04 0.0000000000000000e+00 9.9655159160643914e-01 -8.2975449782891578e-02 0.0000000000000000e+00 5.4589298070505093e-08 1.0000285163198975e-06 1 4.2361864027930169e+03 4.9847714216149447e-02 2.9600000000000000e+02 0.0000000000000000e+00 0.0000000000000000e+00 0.0000000000000000e+00 1.8278800576816405e-05 3.6543994329095995e+02 9.9661163449556289e-01 3.9520516062052022e-02 3.8202588901501229e+00 4.1698027475218161e+01 0.0000000000000000e+00 -1.6843251568782064e+06 -1.6843251568782064e+06 0.0000000000000000e+00
-6.5845736400312951e-03 4.4822510404283003e-04 0.0000000000000000e+00 9.9769112239517221e-01 -6.7914831177449883e-02 0.0000000000000000e+00 4.4680962520650291e-08 1.0000285163139901e-06 1 4.2457600316827511e+03 4.9960368257197386e-02 2.9600000000000000e+02 0.0000000000000000e+00 0.0000000000000000e+00 0.0000000000000000e+00 1.8278800576816405e-05 3.6550781220706153e+02 9.9904944833233389e-01 3.6000650789574214e-02 2.5809151083233557e+00 3.4571547905798582e+01 0.0000000000000000e+00 -1.6894632883803665e+06 -1.6894632883803665e+06 0.0000000000000000e+00
-6.5905922508100396e-03 3.4872560624634504e-04 0.0000000000000000e+00 9.9860305912355940e-01 -5.2838719790215267e-02 0.0000000000000000e+00 3.4762434325860480e-08 1.0000285163227895e-06 1 4.2548074230869006e+03 5.0066829998545295e-02 2.9600000000000000e+02 0.0000000000000000e+00 0.0000000000000000e+00 0.0000000000000000e+00 1.8278800576816405e-05 3.6557792049943805e+02 1.0013703833324987e+00 3.1963486234822328e-02 1.9204525517022941e+00 2.7202523852936739e+01 0.0000000000000000e+00 -1.6947709282271364e+06 -1.6947709282271364e+06 0.0000000000000000e+00
-6.5951074106570294e-03 2.4914655682705002e-04 0.0000000000000000e+00 9.9928719376041353e-01 -3.7750554783178437e-02 0.0000000000000000e+00 2.4835976127352903e-08 1.0000285163150019e-06 1 4.2606549338519408e+03 5.0135638360070511e-02 2.9600000000000000e+02 0.0000000000000000e+00 0.0000000000000000e+00 0.0000000000000000e+00 1.8278800576816405e-05 3.6563148122620601e+02 1.0028935091297833e+00 2.7200675198441861e-02 1.0135463707519738e+00 1.9695596819628086e+01 0.0000000000000000e+00 -1.6988179056320596e+06 -1.6988179056320596e+06 0.0000000000000000e+00
-6.5981180895677847e-03 1.4951067187564501e-04 0.0000000000000000e+00 9.9974337023979210e-01 -2.2653778086268065e-02 0.0000000000000000e+00 1.4903852261097550e-08 1.0000285163112010e-06 1 4.2659553409970713e+03 5.0198008887586840e-02 2.9600000000000000e+02 0.0000000000000000e+00 0.0000000000000000e+00 0.0000000000000000e+00 1.8278800576816405e-05 3.6569824921419485e+02 1.0043245108038399e+00 2.1421618069390105e-02 6.5053535343779090e-01 1.2199219570413234e+01 0.0000000000000000e+00 -1.7038625243187761e+06 -1.7038625243187761e+06 0.0000000000000000e+00
-6.5996236007408657e-03 4.9840680511989997e-05 0.0000000000000000e+00 9.9997148449804407e-01 -7.5518336037010457e-03 0.0000000000000000e+00 4.9683285421787814e-09 9.9999999999926537e-07 1 4.2691673878376341e+03 5.0235805428563339e-02 2.9600000000000000e+02 0.0000000000000000e+00 0.0000000000000000e+00 0.0000000000000000e+00 1.8278800576816405e-05 3.6574283159362312e+02 1.0051745817567002e+00 1.2416259006458709e-02 3.2899972985945791e-01 4.0881017346845381e+00 0.0000000000000000e+00 -1.7072493985443402e+06 -1.7072493985443402e+06 0.0000000000000000e+00
