pos.x pos.y pos.z n.x n.y n.z area cellWidthNormalToSurface outsign p rho T vel.x vel.y vel.z mu a Re y+ tau_wall.x tau_wall.y tau_wall.z q_total q_cond q_diff
-4.9840680848170002e-05 6.5996236007357847e-03 0.0000000000000000e+00 7.5518336546675485e-03 -9.9997148449765916e-01 0.0000000000000000e+00 6.5787822693276558e-07 1.0000285163208538e-06 1 4.9899494062313619e+02 5.8717334013174459e-03 2.9600000000000000e+02 0.0000000000000000e+00 0.0000000000000000e+00 0.0000000000000000e+00 1.8278800576816405e-05 3.4844373827296710e+02 1.1193442761191259e-01 2.5677106592373003e-02 1.5003639763186496e+02 2.4904835195872996e+00 0.0000000000000000e+00 -3.1726936705205560e+05 -3.1726936705205560e+05 0.0000000000000000e+00
-6.4825371191204548e-03 1.2386396829263150e-03 0.0000000000000000e+00 9.8223060260474682e-01 -1.8767803096451113e-01 0.0000000000000000e+00 1.2347281018633071e-07 1.0000285163117315e-06 1 4.1211514636979591e+03 4.8494084270804767e-02 2.9600000000000000e+02 0.0000000000000000e+00 0.0000000000000000e+00 0.0000000000000000e+00 1.8278800576816405e-05 3.6490274326974475e+02 9.6812309551407838e-01 5.7723083492732218e-02 1.6813828081547459e+01 9.0268198083998016e+01 0.0000000000000000e+00 -1.6434815768676472e+06 -1.6434815768676472e+06 0.0000000000000000e+00
-1.4951067285093501e-04 6.5981180895433953e-03 0.0000000000000000e+00 2.2653778233972237e-02 -9.9974337023644522e-01 0.0000000000000000e+00 6.5772815125717997e-07 1.0000285163160255e-06 1 5.1577627552672618e+02 6.0692013847584289e-03 2.9600000000000000e+02 0.0000000000000000e+00 0.0000000000000000e+00 0.0000000000000000e+00 1.8278800576816405e-05 3.4856235238074140e+02 1.1573819786371735e-01 2.6635534851918930e-02 1.5617778677257542e+02 3.3959384600581761e+00 0.0000000000000000e+00 -3.2755813940569351e+05 -3.2755813940569351e+05 0.0000000000000000e+00
-2.4914655836240498e-04 6.5951074105970852e-03 0.0000000000000000e+00 3.7750555015802989e-02 -9.9928719375162545e-01 0.0000000000000000e+00 6.5742803408551475e-07 1.0000285163157007e-06 1 5.3335755613983895e+02 6.2760824254460036e-03 2.9600000000000000e+02 0.0000000000000000e+00 0.0000000000000000e+00 0.0000000000000000e+00 1.8278800576816405e-05 3.4866483609342140e+02 1.1971855821649971e-01 2.7334652859900721e-02 1.5898317557667224e+02 6.0855514011540697e+00 0.0000000000000000e+00 -3.3649501332620264e+05 -3.3649501332620264e+05 0.0000000000000000e+00
-3.4872560836832000e-04 6.5905922506952650e-03 0.0000000000000000e+00 5.2838720111761162e-02 -9.9860305910654545e-01 0.0000000000000000e+00 6.5697794397700301e-07 1.0000285163084848e-06 1 5.5191136499165259e+02 6.4944073227301471e-03 2.9600000000000000e+02 0.0000000000000000e+00 0.0000000000000000e+00 0.0000000000000000e+00 1.8278800576816405e-05 3.4877317026834811e+02 1.2392167708278641e-01 2.8083269261595403e-02 1.6207532105635175e+02 8.3057962265784333e+00 0.0000000000000000e+00 -3.4592354012365767e+05 -3.4592354012365767e+05 0.0000000000000000e+00
-4.4822510682242006e-04 6.5845736398395856e-03 0.0000000000000000e+00 6.7914831598698433e-02 -9.9769112236649693e-01 0.0000000000000000e+00 6.5637798354513139e-07 1.0000285163132013e-06 1 5.7136844722480828e+02 6.7233611463860159e-03 2.9600000000000000e+02 0.0000000000000000e+00 0.0000000000000000e+00 0.0000000000000000e+00 1.8278800576816405e-05 3.4888580730996364e+02 1.2833184331934103e-01 2.8861691069486231e-02 1.6520916881570642e+02 1.0960011116541859e+01 0.0000000000000000e+00 -3.5571008880911110e+05 -3.5571008880911110e+05 0.0000000000000000e+00
-5.4762235580433998e-04 6.5770529510017850e-03 0.0000000000000000e+00 8.2975450299456702e-02 -9.9655159156342854e-01 0.0000000000000000e+00 6.5562828943141637e-07 1.0000285163174068e-06 1 5.9198966990522501e+02 6.9660135505114013e-03 2.9600000000000000e+02 0.0000000000000000e+00 0.0000000000000000e+00 0.0000000000000000e+00 1.8278800576816405e-05 3.4900509096680889e+02 1.3300891985718336e-01 2.9665335218790879e-02 1.6829815024827801e+02 1.3366790618274344e+01 0.0000000000000000e+00 -3.6605939654663455e+05 -3.6605939654663455e+05 0.0000000000000000e+00
-6.4689468074036497e-04 6.5680318998073955e-03 0.0000000000000000e+00 9.8017140574641171e-02 -9.9518472664805857e-01 0.0000000000000000e+00 6.5472903316130930e-07 1.0000285163080534e-06 1 6.1344005801209460e+02 7.2184228438021171e-03 2.9600000000000000e+02 0.0000000000000000e+00 0.0000000000000000e+00 0.0000000000000000e+00 1.8278800576816405e-05 3.4912725415919533e+02 1.3787666217738678e-01 3.0468764105535125e-02 1.7112571629653073e+02 1.5968704832663065e+01 0.0000000000000000e+00 -3.7664411210377642e+05 -3.7664411210377642e+05 0.0000000000000000e+00
-7.4601943558178494e-04 6.5575125441428399e-03 0.0000000000000000e+00 1.1303647110724005e-01 -9.9359083943020643e-01 0.0000000000000000e+00 6.5368041972868847e-07 1.0000285163153004e-06 1 6.3548469118603145e+02 7.4778246901726500e-03 2.9600000000000000e+02 0.0000000000000000e+00 0.0000000000000000e+00 0.0000000000000000e+00 1.8278800576816405e-05 3.4925174207231004e+02 1.4288233866452102e-01 3.1283323005435203e-02 1.7388535500938929e+02 1.8779378838621540e+01 0.0000000000000000e+00 -3.8741089122954378e+05 -3.8741089122954378e+05 0.0000000000000000e+00
-8.4497400791303000e-04 6.5454972836911001e-03 0.0000000000000000e+00 1.2803001567552413e-01 -9.9177029350859514e-01 0.0000000000000000e+00 6.5248268808447871e-07 1.0000285163220649e-06 1 6.5827864043336297e+02 7.7460438287802556e-03 2.9600000000000000e+02 0.0000000000000000e+00 0.0000000000000000e+00 0.0000000000000000e+00 1.8278800576816405e-05 3.4937958345719937e+02 1.4806150594849504e-01 3.2112692312331645e-02 1.7659839312540953e+02 2.1575926614655298e+01 0.0000000000000000e+00 -3.9844869799746684e+05 -3.9844869799746684e+05 0.0000000000000000e+00
-9.4373582414714009e-04 6.5319888593808606e-03 0.0000000000000000e+00 1.4299435394170740e-01 -9.8972350418730259e-01 0.0000000000000000e+00 6.5113611180076835e-07 1.0000285163124667e-06 1 6.8170689630951767e+02 8.0217269296767122e-03 2.9600000000000000e+02 0.0000000000000000e+00 0.0000000000000000e+00 0.0000000000000000e+00 1.8278800576816405e-05 3.4950998440225726e+02 1.5338827034748331e-01 3.2949059559121495e-02 1.7919619964882139e+02 2.4494986936693056e+01 0.0000000000000000e+00 -4.0968835299151548e+05 -4.0968835299151548e+05 0.0000000000000000e+00
-1.0422823546915000e-03 6.5169903527587001e-03 0.0000000000000000e+00 1.5792607223397398e-01 -9.8745093838061115e-01 0.0000000000000000e+00 6.4964099801427405e-07 1.0000285163109927e-06 1 7.0567673823817040e+02 8.3037829387035984e-03 2.9600000000000000e+02 0.0000000000000000e+00 0.0000000000000000e+00 0.0000000000000000e+00 1.8278800576816405e-05 3.4964336381016130e+02 1.5884222709399681e-01 3.3811734427120606e-02 1.8188487632444313e+02 2.7739495432297449e+01 0.0000000000000000e+00 -4.2115994671034452e+05 -4.2115994671034452e+05 0.0000000000000000e+00
-1.1405911189622099e-03 6.5005051853068551e-03 0.0000000000000000e+00 1.7282176430583784e-01 -9.8495311450962852e-01 0.0000000000000000e+00 6.4799768648494082e-07 1.0000285163185886e-06 1 7.3068786694287701e+02 8.5980918942947723e-03 2.9600000000000000e+02 0.0000000000000000e+00 0.0000000000000000e+00 0.0000000000000000e+00 1.8278800576816405e-05 3.4978204895560384e+02 1.6453727086150993e-01 3.4706148857277401e-02 1.8464905121381202e+02 3.0891798095928721e+01 0.0000000000000000e+00 -4.3306509879199509e+05 -4.3306509879199509e+05 0.0000000000000000e+00
-1.2386396906752650e-03 6.4825371176368048e-03 0.0000000000000000e+00 1.8767803213864420e-01 -9.8223060238040139e-01 0.0000000000000000e+00 6.4620655419092949e-07 1.0000285163068365e-06 1 7.5673924722861148e+02 8.9046416151860250e-03 2.9600000000000000e+02 0.0000000000000000e+00 0.0000000000000000e+00 0.0000000000000000e+00 1.8278800576816405e-05 3.4992313730366612e+02 1.7047228961005714e-01 3.5613061752498600e-02 1.8725161920700748e+02 3.4155552629390449e+01 0.0000000000000000e+00 -4.4515545511807047e+05 -4.4515545511807047e+05 0.0000000000000000e+00
-1.3364057029766349e-03 6.4630902486276596e-03 0.0000000000000000e+00 2.0249148671872669e-01 -9.7928402305278095e-01 0.0000000000000000e+00 6.4426800860735535e-07 1.0000285163172306e-06 1 7.8376128871120397e+02 9.2226132229682300e-03 2.9600000000000000e+02 0.0000000000000000e+00 0.0000000000000000e+00 0.0000000000000000e+00 1.8278800576816405e-05 3.5006540771331839e+02 1.7663138836445272e-01 3.6510434648866608e-02 1.8953796507565153e+02 3.7215801237639369e+01 0.0000000000000000e+00 -4.5732940210785891e+05 -4.5732940210785891e+05 0.0000000000000000e+00
-1.4338668534262348e-03 6.4421690145087251e-03 0.0000000000000000e+00 2.1725874879182311e-01 -9.7611404870200047e-01 0.0000000000000000e+00 6.4218249249895872e-07 1.0000285163219516e-06 1 8.1118730568339618e+02 9.5453384588586338e-03 2.9600000000000000e+02 0.0000000000000000e+00 0.0000000000000000e+00 0.0000000000000000e+00 1.8278800576816405e-05 3.5020667563930795e+02 1.8288599194556432e-01 3.7392879378181781e-02 1.9152001196433443e+02 4.0507432767196782e+01 0.0000000000000000e+00 -4.6939730900613806e+05 -4.6939730900613806e+05 0.0000000000000000e+00
-2.8442909231812452e-03 5.9554617712790203e-03 0.0000000000000000e+00 4.3096545937549324e-01 -9.0236842410695528e-01 0.0000000000000000e+00 5.9366546745893147e-07 1.0000285163075908e-06 1 1.3138901793450013e+03 1.5460703553604951e-02 2.9600000000000000e+02 0.0000000000000000e+00 0.0000000000000000e+00 0.0000000000000000e+00 1.8278800576816405e-05 3.5275144873368771e+02 2.9837521755780178e-01 5.2161348455321888e-02 2.1350137170880268e+02 9.8622707125976362e+01 0.0000000000000000e+00 -6.8321767030317057e+05 -6.8321767030317057e+05 0.0000000000000000e+00
-1.5310009091257051e-03 6.4197781878430147e-03 0.0000000000000000e+00 2.3197644964102537e-01 -9.7272140246421279e-01 0.0000000000000000e+00 6.3995048102556966e-07 1.0000285163178576e-06 1 8.3894929625393638e+02 9.8720171364350753e-03 2.9600000000000000e+02 0.0000000000000000e+00 0.0000000000000000e+00 0.0000000000000000e+00 1.8278800576816405e-05 3.5035123825896329e+02 1.8922314087071124e-01 3.8301102489064584e-02 1.9362841277388947e+02 4.4092959155379212e+01 0.0000000000000000e+00 -4.8171815179984592e+05 -4.8171815179984592e+05 0.0000000000000000e+00
-1.6277857117098600e-03 6.3959228764585204e-03 0.0000000000000000e+00 2.4664123184255479e-01 -9.6910685827476584e-01 0.0000000000000000e+00 6.3757248283729838e-07 1.0000285163215537e-06 1 8.6770679947695896e+02 1.0210410130965743e-02 2.9600000000000000e+02 0.0000000000000000e+00 0.0000000000000000e+00 0.0000000000000000e+00 1.8278800576816405e-05 3.5050267797165765e+02 1.9579392710052931e-01 3.9244435119859415e-02 1.9587199717060466e+02 4.7622856150472622e+01 0.0000000000000000e+00 -4.9459941734445316e+05 -4.9459941734445316e+05 0.0000000000000000e+00
-1.7241991824931049e-03 6.3706085222643098e-03 0.0000000000000000e+00 2.6124975004561624e-01 -9.6527124068890768e-01 0.0000000000000000e+00 6.3504904102462852e-07 1.0000285163216447e-06 1 8.9741808848073242e+02 1.0560026437339097e-02 2.9600000000000000e+02 0.0000000000000000e+00 0.0000000000000000e+00 0.0000000000000000e+00 1.8278800576816405e-05 3.5065805415097162e+02 2.0258790512477154e-01 4.0188152486522959e-02 1.9790154484805754e+02 5.1094463804266049e+01 0.0000000000000000e+00 -5.0779424589744478e+05 -5.0779424589744478e+05 0.0000000000000000e+00
-1.8202193276267600e-03 6.3438408999743449e-03 0.0000000000000000e+00 2.7579867175379408e-01 -9.6121542468836974e-01 0.0000000000000000e+00 6.3238073231230312e-07 1.0000285163156014e-06 1 9.2755501856252329e+02 1.0914651313401849e-02 2.9600000000000000e+02 0.0000000000000000e+00 0.0000000000000000e+00 0.0000000000000000e+00 1.8278800576816405e-05 3.5081458514725307e+02 2.0948464566680652e-01 4.1134886249836800e-02 1.9978611035500853e+02 5.4843243642661903e+01 0.0000000000000000e+00 -5.2105949119956634e+05 -5.2105949119956634e+05 0.0000000000000000e+00
-1.9158242429433100e-03 6.3156261158341352e-03 0.0000000000000000e+00 2.9028467805944302e-01 -9.5694033548802071e-01 0.0000000000000000e+00 6.2956816373327102e-07 1.0000285163222152e-06 1 9.5849195519453349e+02 1.1278689962630978e-02 2.9600000000000000e+02 0.0000000000000000e+00 0.0000000000000000e+00 0.0000000000000000e+00 1.8278800576816405e-05 3.5097516161659507e+02 2.1657071528434046e-01 4.2106008979194511e-02 2.0172767349724495e+02 5.8605060427528187e+01 0.0000000000000000e+00 -5.3463860212423885e+05 -5.3463860212423885e+05 0.0000000000000000e+00
-2.0109921190293797e-03 6.2859706062030150e-03 0.0000000000000000e+00 3.0470446441136667e-01 -9.5244694832194310e-01 0.0000000000000000e+00 6.2661197897351032e-07 1.0000285163171862e-06 1 9.9043646094566054e+02 1.1654584798705341e-02 2.9600000000000000e+02 0.0000000000000000e+00 0.0000000000000000e+00 0.0000000000000000e+00 1.8278800576816405e-05 3.5113949418807175e+02 2.2389333992346644e-01 4.3092342017205083e-02 2.0357332401767971e+02 6.2421880674001528e+01 0.0000000000000000e+00 -5.4850898774129793e+05 -5.4850898774129793e+05 0.0000000000000000e+00
-2.1057012461089299e-03 6.2548811361195951e-03 0.0000000000000000e+00 3.1905474135610901e-01 -9.4773628822483447e-01 0.0000000000000000e+00 6.2351284952240806e-07 1.0000285163173806e-06 1 1.0232903789972754e+03 1.2041180798550372e-02 2.9600000000000000e+02 0.0000000000000000e+00 0.0000000000000000e+00 0.0000000000000000e+00 1.8278800576816405e-05 3.5130722074444060e+02 2.3143063306859760e-01 4.4093119783528222e-02 2.0531446731781944e+02 6.6372155764942406e+01 0.0000000000000000e+00 -5.6263672021248774e+05 -5.6263672021248774e+05 0.0000000000000000e+00
-2.1999300189323150e-03 6.2223647977802457e-03 0.0000000000000000e+00 3.3333223527735650e-01 -9.4280942980275761e-01 0.0000000000000000e+00 6.2027148359975175e-07 1.0000285163087362e-06 1 1.0573272651778266e+03 1.2441696926456611e-02 2.9600000000000000e+02 0.0000000000000000e+00 0.0000000000000000e+00 0.0000000000000000e+00 1.8278800576816405e-05 3.5147834571764707e+02 2.3924500607697333e-01 4.5079898125176363e-02 2.0677254828159732e+02 6.9942177489604461e+01 0.0000000000000000e+00 -5.7702994070034847e+05 -5.7702994070034847e+05 0.0000000000000000e+00
-2.2936569420155001e-03 6.1884290088192401e-03 0.0000000000000000e+00 3.4753368919101230e-01 -9.3766749697175966e-01 0.0000000000000000e+00 6.1688862185034462e-07 1.0000285163101532e-06 1 1.0915336647524614e+03 1.2844207738831532e-02 2.9600000000000000e+02 0.0000000000000000e+00 0.0000000000000000e+00 0.0000000000000000e+00 1.8278800576816405e-05 3.5164845670887212e+02 2.4710454102827428e-01 4.6057741426784267e-02 2.0792221603809099e+02 7.4045436317212449e+01 0.0000000000000000e+00 -5.9130793357535452e+05 -5.9130793357535452e+05 0.0000000000000000e+00
-2.3868606344034050e-03 6.1530815106563205e-03 0.0000000000000000e+00 3.6165586346588630e-01 -9.3231166270767207e-01 0.0000000000000000e+00 6.1336503536847144e-07 1.0000285163171607e-06 1 1.1265194411462282e+03 1.3255889571849259e-02 2.9600000000000000e+02 0.0000000000000000e+00 0.0000000000000000e+00 0.0000000000000000e+00 1.8278800576816405e-05 3.5182450049580012e+02 2.5515239364444586e-01 4.7063976653684239e-02 2.0924109136258559e+02 7.7996216146432261e+01 0.0000000000000000e+00 -6.0605053511797555e+05 -6.0605053511797555e+05 0.0000000000000000e+00
-2.4795198343218697e-03 6.1163303668175751e-03 0.0000000000000000e+00 3.7569553652910254e-01 -9.2674314879156772e-01 0.0000000000000000e+00 6.0970152620322003e-07 1.0000285163247891e-06 1 1.1624327843120645e+03 1.3678486194485315e-02 2.9600000000000000e+02 0.0000000000000000e+00 0.0000000000000000e+00 0.0000000000000000e+00 1.8278800576816405e-05 3.5200395463139256e+02 2.6342092394475092e-01 4.8078313260274667e-02 2.1040029414172596e+02 8.2055528467543496e+01 0.0000000000000000e+00 -6.2105056966920046e+05 -6.2105056966920046e+05 0.0000000000000000e+00
-2.5716134042073650e-03 6.0781839610325600e-03 0.0000000000000000e+00 3.8964950562825490e-01 -9.2096322552187526e-01 0.0000000000000000e+00 6.0589893183906653e-07 1.0000285163151478e-06 1 1.1990759621893990e+03 1.4109670869833073e-02 2.9600000000000000e+02 0.0000000000000000e+00 0.0000000000000000e+00 0.0000000000000000e+00 1.8278800576816405e-05 3.5218681412366976e+02 2.7186585440937977e-01 4.9101495112412047e-02 2.1145776344825379e+02 8.6196589226518498e+01 0.0000000000000000e+00 -6.3630275807712553e+05 -6.3630275807712553e+05 0.0000000000000000e+00
-2.6631203356587002e-03 6.0386509952681400e-03 0.0000000000000000e+00 4.0351458758156777e-01 -9.1497321141598298e-01 0.0000000000000000e+00 6.0195811968572646e-07 1.0000285163178337e-06 1 1.2366787214927595e+03 1.4552147055077595e-02 2.9600000000000000e+02 0.0000000000000000e+00 0.0000000000000000e+00 0.0000000000000000e+00 1.8278800576816405e-05 3.5237326324222028e+02 2.8053994839802016e-01 5.0132608834292866e-02 2.1239585624326236e+02 9.0325450599729805e+01 0.0000000000000000e+00 -6.5182359309851401e+05 -6.5182359309851401e+05 0.0000000000000000e+00
-2.7540197539920449e-03 5.9977404878405098e-03 0.0000000000000000e+00 4.1728761946791648e-01 -9.0877447292427815e-01 0.0000000000000000e+00 5.9787998735241140e-07 1.0000285163160319e-06 1 1.2752251833524306e+03 1.5005727901651705e-02 2.9600000000000000e+02 0.0000000000000000e+00 0.0000000000000000e+00 0.0000000000000000e+00 1.8278800576816405e-05 3.5256212593131983e+02 2.8943924258605747e-01 5.1144868923000998e-02 2.1304522777743134e+02 9.4239984040915800e+01 0.0000000000000000e+00 -6.6752004591863789e+05 -6.6752004591863789e+05 0.0000000000000000e+00
-5.0379062319761700e-03 4.2634512501831647e-03 0.0000000000000000e+00 7.6334089310587316e-01 -6.4599588304595867e-01 0.0000000000000000e+00 4.2499874378417654e-07 1.0000285163195538e-06 1 2.6749080769191341e+03 3.1475964628190585e-02 2.9600000000000000e+02 0.0000000000000000e+00 0.0000000000000000e+00 0.0000000000000000e+00 1.8278800576816405e-05 3.5876170923509932e+02 6.1780272940951686e-01 7.6122711146132685e-02 1.5729478597274147e+02 1.8917420263709749e+02 0.0000000000000000e+00 -1.1681542117888236e+06 -1.1681542117888236e+06 0.0000000000000000e+00
-5.1017235191792246e-03 4.1868762698157149e-03 0.0000000000000000e+00 7.7301045477795138e-01 -6.3439328243920179e-01 0.0000000000000000e+00 4.1736542617395872e-07 1.0000285163086542e-06 1 2.7284907394482807e+03 3.2106478254062251e-02 2.9600000000000000e+02 0.0000000000000000e+00 0.0000000000000000e+00 0.0000000000000000e+00 1.8278800576816405e-05 3.5898801407482614e+02 6.3057581340523439e-01 7.6603661629767505e-02 1.5301434112511421e+02 1.9038209177526267e+02 0.0000000000000000e+00 -1.1859794263505426e+06 -1.1859794263505426e+06 0.0000000000000000e+00
-5.1643769972465848e-03 4.1093461761202398e-03 0.0000000000000000e+00 7.8250367670434806e-01 -6.2264596356531288e-01 0.0000000000000000e+00 4.0963690125618934e-07 1.0000285163110020e-06 1 2.7824658246623449e+03 3.2741609564801800e-02 2.9600000000000000e+02 0.0000000000000000e+00 0.0000000000000000e+00 0.0000000000000000e+00 1.8278800576816405e-05 3.5921565923514589e+02 6.4345766034637408e-01 7.7032051692555129e-02 1.4885343026239394e+02 1.9105844217081267e+02 0.0000000000000000e+00 -1.2038848615276087e+06 -1.2038848615276087e+06 0.0000000000000000e+00
-2.9339132506231548e-03 5.9118244901780600e-03 0.0000000000000000e+00 4.4454498712413115e-01 -8.9575652630768254e-01 0.0000000000000000e+00 5.8931552051516140e-07 1.0000285163111930e-06 1 1.3536754337795273e+03 1.5928861421200549e-02 2.9600000000000000e+02 0.0000000000000000e+00 0.0000000000000000e+00 0.0000000000000000e+00 1.8278800576816405e-05 3.5294740856541881e+02 3.0758094091134452e-01 5.3202887886197384e-02 2.1411120550071757e+02 1.0271489924429018e+02 0.0000000000000000e+00 -6.9943086031127430e+05 -6.9943086031127430e+05 0.0000000000000000e+00
-3.0228662915295951e-03 5.8668385991427104e-03 0.0000000000000000e+00 4.5802310493009646e-01 -8.8894028784288659e-01 0.0000000000000000e+00 5.8483113711329868e-07 1.0000285163131299e-06 1 1.3944130978780111e+03 1.6408226407707241e-02 2.9600000000000000e+02 0.0000000000000000e+00 0.0000000000000000e+00 0.0000000000000000e+00 1.8278800576816405e-05 3.5314436674437871e+02 3.1701412446593008e-01 5.4243044139585687e-02 2.1442003143649220e+02 1.0700836378261802e+02 0.0000000000000000e+00 -7.1569580966470041e+05 -7.1569580966470041e+05 0.0000000000000000e+00
-3.1111297537573853e-03 5.8205143604451648e-03 0.0000000000000000e+00 4.7139673813858918e-01 -8.8192126364676027e-01 0.0000000000000000e+00 5.8021334151766120e-07 1.0000285163101376e-06 1 1.4362209067420818e+03 1.6900183916207234e-02 2.9600000000000000e+02 0.0000000000000000e+00 0.0000000000000000e+00 0.0000000000000000e+00 1.8278800576816405e-05 3.5334427601252776e+02 3.2670379616947948e-01 5.5283729289455616e-02 2.1459635313949144e+02 1.1115655784543046e+02 0.0000000000000000e+00 -7.3217139579047763e+05 -7.3217139579047763e+05 0.0000000000000000e+00
-3.1986835026229800e-03 5.7728623415868050e-03 0.0000000000000000e+00 4.8466283595312420e-01 -8.7470105490154459e-01 0.0000000000000000e+00 5.7546318787175415e-07 1.0000285163109766e-06 1 1.4791504860109051e+03 1.7405341431797419e-02 2.9600000000000000e+02 0.0000000000000000e+00 0.0000000000000000e+00 0.0000000000000000e+00 1.8278800576816405e-05 3.5354427360991110e+02 3.3665963170682300e-01 5.6290339724644589e-02 2.1437252965448874e+02 1.1503103195839310e+02 0.0000000000000000e+00 -7.4863197714678000e+05 -7.4863197714678000e+05 0.0000000000000000e+00
-3.2855075653986498e-03 5.7238934129285254e-03 0.0000000000000000e+00 4.9781837211650493e-01 -8.6728130867860453e-01 0.0000000000000000e+00 5.7058175978785128e-07 1.0000285163190570e-06 1 1.5219980206200903e+03 1.7909533518023137e-02 2.9600000000000000e+02 0.0000000000000000e+00 0.0000000000000000e+00 0.0000000000000000e+00 1.8278800576816405e-05 3.5374338043743074e+02 3.4660696492555698e-01 5.7291196288367700e-02 2.1387296434417692e+02 1.1934644017707724e+02 0.0000000000000000e+00 -7.6498069381304202e+05 -7.6498069381304202e+05 0.0000000000000000e+00
-3.3715821357789551e-03 5.6736187452583898e-03 0.0000000000000000e+00 5.1086034558771864e-01 -8.5966371756983928e-01 0.0000000000000000e+00 5.6557017036525970e-07 1.0000285163169956e-06 1 1.5660831577853789e+03 1.8428288622176763e-02 2.9600000000000000e+02 0.0000000000000000e+00 0.0000000000000000e+00 0.0000000000000000e+00 1.8278800576816405e-05 3.5394851062442558e+02 3.5685335512885491e-01 5.8310420623063589e-02 2.1349429044652015e+02 1.2335442616631559e+02 0.0000000000000000e+00 -7.8179173663096828e+05 -7.8179173663096828e+05 0.0000000000000000e+00
-3.4568875782882303e-03 5.6220498073150695e-03 0.0000000000000000e+00 5.2378578120994157e-01 -8.5185001931225623e-01 0.0000000000000000e+00 5.6042956139355273e-07 1.0000285163205288e-06 1 1.6108485494100958e+03 1.8955048362260824e-02 2.9600000000000000e+02 0.0000000000000000e+00 0.0000000000000000e+00 0.0000000000000000e+00 1.8278800576816405e-05 3.5415421386168305e+02 3.6726707825202048e-01 5.9293851262786877e-02 2.1273665344908250e+02 1.2721224500796573e+02 0.0000000000000000e+00 -7.9862370482420607e+05 -7.9862370482420607e+05 0.0000000000000000e+00
-3.5414044329654150e-03 5.5691983630521344e-03 0.0000000000000000e+00 5.3659173041989250e-01 -8.4384199637431256e-01 0.0000000000000000e+00 5.5516110780974777e-07 1.0000285163116317e-06 1 1.6554358347429002e+03 1.9479712304215351e-02 2.9600000000000000e+02 0.0000000000000000e+00 0.0000000000000000e+00 0.0000000000000000e+00 1.8278800576816405e-05 3.5436074114095305e+02 3.7765290474130242e-01 6.0289730750877971e-02 2.1184745988714212e+02 1.3154218511801889e+02 0.0000000000000000e+00 -8.1547917100202548e+05 -8.1547917100202548e+05 0.0000000000000000e+00
-3.6251134197051301e-03 5.5150764690196251e-03 0.0000000000000000e+00 5.4927527190652781e-01 -8.3564147555755630e-01 0.0000000000000000e+00 5.4976600870419297e-07 1.0000285163112787e-06 1 1.7017596696094677e+03 2.0024810433113147e-02 2.9600000000000000e+02 0.0000000000000000e+00 0.0000000000000000e+00 0.0000000000000000e+00 1.8278800576816405e-05 3.5457412662618202e+02 3.8845448934800264e-01 6.1301530387084260e-02 2.1106700697102093e+02 1.3544291581861049e+02 0.0000000000000000e+00 -8.3286580071269348e+05 -8.3286580071269348e+05 0.0000000000000000e+00
-3.7079954427599151e-03 5.4596964715380803e-03 0.0000000000000000e+00 5.6183351229212464e-01 -8.2725032757049732e-01 0.0000000000000000e+00 5.4424549844169867e-07 1.0000285163108417e-06 1 1.7487899912317796e+03 2.0578221876522935e-02 2.9600000000000000e+02 0.0000000000000000e+00 0.0000000000000000e+00 0.0000000000000000e+00 1.8278800576816405e-05 3.5478598957860123e+02 3.9942845129678783e-01 6.2256876816775220e-02 2.0973874973774218e+02 1.3916426659707577e+02 0.0000000000000000e+00 -8.5010536475415318e+05 -8.5010536475415318e+05 0.0000000000000000e+00
-3.7900315951380353e-03 5.4030710038556152e-03 0.0000000000000000e+00 5.7426358679924216e-01 -8.1867046659597364e-01 0.0000000000000000e+00 5.3860083416177956e-07 1.0000285163137222e-06 1 1.7954589715611974e+03 2.1127381373538010e-02 2.9600000000000000e+02 0.0000000000000000e+00 0.0000000000000000e+00 0.0000000000000000e+00 1.8278800576816405e-05 3.5499811789391146e+02 4.1033296849080492e-01 6.3209284711748165e-02 2.0826196771984939e+02 1.4316575456341505e+02 0.0000000000000000e+00 -8.6732320008617349e+05 -8.6732320008617349e+05 0.0000000000000000e+00
-3.8712031626210305e-03 5.3452129834614098e-03 0.0000000000000000e+00 5.8656265985939227e-01 -8.0990384988508046e-01 0.0000000000000000e+00 5.3283330325978999e-07 1.0000285163164710e-06 1 1.8433764257458120e+03 2.1691231812363189e-02 2.9600000000000000e+02 0.0000000000000000e+00 0.0000000000000000e+00 0.0000000000000000e+00 1.8278800576816405e-05 3.5521569920914413e+02 4.2154219926288311e-01 6.4183389325435450e-02 2.0690872952995841e+02 1.4698040437287850e+02 0.0000000000000000e+00 -8.8494951579498791e+05 -8.8494951579498791e+05 0.0000000000000000e+00
-3.9514916283519804e-03 5.2861356089211201e-03 0.0000000000000000e+00 5.9872792580831991e-01 -8.0095247727768915e-01 0.0000000000000000e+00 5.2694422343833055e-07 1.0000285163135541e-06 1 1.8925503024453676e+03 2.2269866725832407e-02 2.9600000000000000e+02 0.0000000000000000e+00 0.0000000000000000e+00 0.0000000000000000e+00 1.8278800576816405e-05 3.5543267643363822e+02 4.3305161189537700e-01 6.5123783034900462e-02 2.0512196692295211e+02 1.5065376101569754e+02 0.0000000000000000e+00 -9.0250469591259409e+05 -9.0250469591259409e+05 0.0000000000000000e+00
-4.0308786768407448e-03 5.2258523570260455e-03 0.0000000000000000e+00 6.1075660949229960e-01 -7.9181839076992311e-01 0.0000000000000000e+00 5.2093493496050873e-07 1.0000285163127157e-06 1 1.9420928945220260e+03 2.2852840357430935e-02 2.9600000000000000e+02 0.0000000000000000e+00 0.0000000000000000e+00 0.0000000000000000e+00 1.8278800576816405e-05 3.5564911802548494e+02 4.4465851313986970e-01 6.6003838947392354e-02 2.0304170155230585e+02 1.5387007865541358e+02 0.0000000000000000e+00 -9.1998961701475130e+05 -9.1998961701475130e+05 0.0000000000000000e+00
-4.1093461980812596e-03 5.1643769797690905e-03 0.0000000000000000e+00 6.2264596689303997e-01 -7.8250367405644272e-01 0.0000000000000000e+00 5.1480680987581487e-07 1.0000285163163700e-06 1 1.9909298515174908e+03 2.3427510696274200e-02 2.9600000000000000e+02 0.0000000000000000e+00 0.0000000000000000e+00 0.0000000000000000e+00 1.8278800576816405e-05 3.5586450815592156e+02 4.5611621382364115e-01 6.6879898729761272e-02 2.0072324435956858e+02 1.5751740893756602e+02 0.0000000000000000e+00 -9.3734731446159328e+05 -9.3734731446159328e+05 0.0000000000000000e+00
-4.1868762920276650e-03 5.1017235009467206e-03 0.0000000000000000e+00 6.3439328580502130e-01 -7.7301045201569474e-01 0.0000000000000000e+00 5.0856124753033084e-07 1.0000285163217483e-06 1 2.0411744131473574e+03 2.4018744487919907e-02 2.9600000000000000e+02 0.0000000000000000e+00 0.0000000000000000e+00 0.0000000000000000e+00 1.8278800576816405e-05 3.5608624306932785e+02 4.6791846898352879e-01 6.7772679207884892e-02 1.9859885790627072e+02 1.6083664589392444e+02 0.0000000000000000e+00 -9.5518733127771528e+05 -9.5518733127771528e+05 0.0000000000000000e+00
-4.2634512725504350e-03 5.0379062130453799e-03 0.0000000000000000e+00 6.4599588643515571e-01 -7.6334089023768226e-01 0.0000000000000000e+00 5.0219967219293040e-07 1.0000285163127879e-06 1 2.0919376303278486e+03 2.4616081361726282e-02 2.9600000000000000e+02 0.0000000000000000e+00 0.0000000000000000e+00 0.0000000000000000e+00 1.8278800576816405e-05 3.5630565689812511e+02 4.7985091337157443e-01 6.8625418901150079e-02 1.9600134984338158e+02 1.6416821685987489e+02 0.0000000000000000e+00 -9.7281475577951968e+05 -9.7281475577951968e+05 0.0000000000000000e+00
-4.3390536713859449e-03 4.9729396740435493e-03 0.0000000000000000e+00 6.5745112200149947e-01 -7.5349719453954800e-01 0.0000000000000000e+00 4.9572353534266433e-07 1.0000285163173590e-06 1 2.1432145515257653e+03 2.5219463052407437e-02 2.9600000000000000e+02 0.0000000000000000e+00 0.0000000000000000e+00 0.0000000000000000e+00 1.8278800576816405e-05 3.5652472621961124e+02 4.9191512992960673e-01 6.9469037411576937e-02 1.9323114595384422e+02 1.6750597029637660e+02 0.0000000000000000e+00 -9.9038210004685540e+05 -9.9038210004685540e+05 0.0000000000000000e+00
-4.4136662421073751e-03 4.9068387041064053e-03 0.0000000000000000e+00 6.6875637933445287e-01 -7.4348161046489469e-01 0.0000000000000000e+00 4.8913431366286254e-07 1.0000285163110066e-06 1 2.1956312318139776e+03 2.5836256425202216e-02 2.9600000000000000e+02 0.0000000000000000e+00 0.0000000000000000e+00 0.0000000000000000e+00 1.8278800576816405e-05 3.5674448467735670e+02 5.0425654456099522e-01 7.0271170098291522e-02 1.9034588871976240e+02 1.7031725664867196e+02 0.0000000000000000e+00 -1.0079825398477495e+06 -1.0079825398477495e+06 0.0000000000000000e+00
-4.4872719638374102e-03 4.8396183824152197e-03 0.0000000000000000e+00 6.7990907943950940e-01 -7.3329642280302909e-01 0.0000000000000000e+00 4.8243350763894133e-07 1.0000285163133222e-06 1 2.2478984948121788e+03 2.6451291586798705e-02 2.9600000000000000e+02 0.0000000000000000e+00 0.0000000000000000e+00 0.0000000000000000e+00 1.8278800576816405e-05 3.5696002429402597e+02 5.1657234840503652e-01 7.1041298767651043e-02 1.8696351628300002e+02 1.7337607552485463e+02 0.0000000000000000e+00 -1.0252158242364817e+06 -1.0252158242364817e+06 0.0000000000000000e+00
-4.5598540454795900e-03 4.7712940434205906e-03 0.0000000000000000e+00 6.9090667813881590e-01 -7.2294395502223174e-01 0.0000000000000000e+00 4.7562264980618689e-07 1.0000285163157591e-06 1 2.3012261335593048e+03 2.7078804317196059e-02 2.9600000000000000e+02 0.0000000000000000e+00 0.0000000000000000e+00 0.0000000000000000e+00 1.8278800576816405e-05 3.5718140501530729e+02 5.2915513480234833e-01 7.1774111322714537e-02 1.8379584848403240e+02 1.7565576890294867e+02 0.0000000000000000e+00 -1.0428877572931484e+06 -1.0428877572931484e+06 0.0000000000000000e+00
-4.6313959297204794e-03 4.7018812731736796e-03 0.0000000000000000e+00 7.0174666667698538e-01 -7.1242656871269194e-01 0.0000000000000000e+00 4.6870329347701332e-07 1.0000285163118740e-06 1 2.3536466070084380e+03 2.7695642324570995e-02 2.9600000000000000e+02 0.0000000000000000e+00 0.0000000000000000e+00 0.0000000000000000e+00 1.8278800576816405e-05 3.5739880675056168e+02 5.4153836532958333e-01 7.2470726060087906e-02 1.8006107170411966e+02 1.7832763243004939e+02 0.0000000000000000e+00 -1.0602081297865172e+06 -1.0602081297865172e+06 0.0000000000000000e+00
-4.7018812962228247e-03 4.6313959063233705e-03 0.0000000000000000e+00 7.1242657220491457e-01 -7.0174666313161471e-01 0.0000000000000000e+00 4.6167701333570706e-07 1.0000285163210078e-06 1 2.4069151985542944e+03 2.8322460239458766e-02 2.9600000000000000e+02 0.0000000000000000e+00 0.0000000000000000e+00 0.0000000000000000e+00 1.8278800576816405e-05 3.5762513673557487e+02 5.5414536145549487e-01 7.3171366274612654e-02 1.7671010562147865e+02 1.8053970857320198e+02 0.0000000000000000e+00 -1.0782059694617311e+06 -1.0782059694617311e+06 0.0000000000000000e+00
-4.7712940657242747e-03 4.5598540221449754e-03 0.0000000000000000e+00 7.2294395840140480e-01 -6.9090667460295097e-01 0.0000000000000000e+00 4.5454541679584749e-07 1.0000285163186212e-06 1 2.4601960985334945e+03 2.8949422989160076e-02 2.9600000000000000e+02 0.0000000000000000e+00 0.0000000000000000e+00 0.0000000000000000e+00 1.8278800576816405e-05 3.5784981416133496e+02 5.6676809888678814e-01 7.3829888926969886e-02 1.7294329508348943e+02 1.8277349018371325e+02 0.0000000000000000e+00 -1.0960451314481618e+06 -1.0960451314481618e+06 0.0000000000000000e+00
-4.8396184039046896e-03 4.4872719406647103e-03 0.0000000000000000e+00 7.3329642605883316e-01 -6.7990907592805550e-01 0.0000000000000000e+00 4.4731012958867455e-07 1.0000285163206719e-06 1 2.5138285613799339e+03 2.9580522621346916e-02 2.9600000000000000e+02 0.0000000000000000e+00 0.0000000000000000e+00 0.0000000000000000e+00 1.8278800576816405e-05 3.5807733014802295e+02 5.7949188560026887e-01 7.4464985765298877e-02 1.6919267317952250e+02 1.8474369675895116e+02 0.0000000000000000e+00 -1.1140788709648226e+06 -1.1140788709648226e+06 0.0000000000000000e+00
-4.9068387247055553e-03 4.4136662192113749e-03 0.0000000000000000e+00 7.4348161358565312e-01 -6.6875637586498837e-01 0.0000000000000000e+00 4.3997280294298493e-07 1.0000285163184091e-06 1 2.5676588914367721e+03 3.0213950580764634e-02 2.9600000000000000e+02 0.0000000000000000e+00 0.0000000000000000e+00 0.0000000000000000e+00 1.8278800576816405e-05 3.5830485456900607e+02 5.9227703893407246e-01 7.5053076295395829e-02 1.6528406884220539e+02 1.8643141080487754e+02 0.0000000000000000e+00 -1.1320865547940880e+06 -1.1320865547940880e+06 0.0000000000000000e+00
-4.9729396937258554e-03 4.3390536488332743e-03 0.0000000000000000e+00 7.5349719752139621e-01 -6.5745111858403749e-01 0.0000000000000000e+00 4.3253510741435414e-07 1.0000285163137472e-06 1 2.6211686384323502e+03 3.0843606200794810e-02 2.9600000000000000e+02 0.0000000000000000e+00 0.0000000000000000e+00 0.0000000000000000e+00 1.8278800576816405e-05 3.5853274416841759e+02 6.0500458281003333e-01 7.5606744821753044e-02 1.6128718957983267e+02 1.8796431319160271e+02 0.0000000000000000e+00 -1.1500918287274735e+06 -1.1500918287274735e+06 0.0000000000000000e+00
-5.2258523737428904e-03 4.0308786551730806e-03 0.0000000000000000e+00 7.9181839330247183e-01 -6.1075660620896433e-01 0.0000000000000000e+00 4.0181492887889833e-07 1.0000285163134969e-06 1 2.8358465683647482e+03 3.3369747187586417e-02 2.9600000000000000e+02 0.0000000000000000e+00 0.0000000000000000e+00 0.0000000000000000e+00 1.8278800576816405e-05 3.5943486710504027e+02 6.5620239288149029e-01 7.7413777757210589e-02 1.4422701640386657e+02 1.9183158584488510e+02 0.0000000000000000e+00 -1.2211026580316927e+06 -1.2211026580316927e+06 0.0000000000000000e+00
-5.2861356248063499e-03 3.9514916071069399e-03 0.0000000000000000e+00 8.0095247968426420e-01 -5.9872792258890706e-01 0.0000000000000000e+00 3.9390129426419443e-07 1.0000285163188512e-06 1 2.8899620564183469e+03 3.4006530635402758e-02 2.9600000000000000e+02 0.0000000000000000e+00 0.0000000000000000e+00 0.0000000000000000e+00 1.8278800576816405e-05 3.5965425699532301e+02 6.6913265062268923e-01 7.7723313536021063e-02 1.3994126163432296e+02 1.9176197729980453e+02 0.0000000000000000e+00 -1.2383158982951222e+06 -1.2383158982951222e+06 0.0000000000000000e+00
-5.3452129985955745e-03 3.8712031417280747e-03 0.0000000000000000e+00 8.0990385217793059e-01 -5.8656265669351015e-01 0.0000000000000000e+00 3.8589780275675660e-07 1.0000285163179256e-06 1 2.9419517908518137e+03 3.4618300085043657e-02 2.9600000000000000e+02 0.0000000000000000e+00 0.0000000000000000e+00 0.0000000000000000e+00 1.8278800576816405e-05 3.5986371564317398e+02 6.8156689483443322e-01 7.7989568403600953e-02 1.3508248901973826e+02 1.9205133228972539e+02 0.0000000000000000e+00 -1.2547228770826603e+06 -1.2547228770826603e+06 0.0000000000000000e+00
-5.4030710183990199e-03 3.7900315744073803e-03 0.0000000000000000e+00 8.1867046879940253e-01 -5.7426358365803287e-01 0.0000000000000000e+00 3.7780628062228162e-07 1.0000285163141216e-06 1 2.9954877104273287e+03 3.5248263680965577e-02 2.9600000000000000e+02 0.0000000000000000e+00 0.0000000000000000e+00 0.0000000000000000e+00 1.8278800576816405e-05 3.6007896600109660e+02 6.9438474476539336e-01 7.8254680331607887e-02 1.3068352938754703e+02 1.9190249430092933e+02 0.0000000000000000e+00 -1.2715604588174764e+06 -1.2715604588174764e+06 0.0000000000000000e+00
-5.4596964855335248e-03 3.7079954221559551e-03 0.0000000000000000e+00 8.2725032969088186e-01 -5.6183350917004526e-01 0.0000000000000000e+00 3.6962857146527346e-07 1.0000285163222360e-06 1 3.0483767858551473e+03 3.5870615784108169e-02 2.9600000000000000e+02 0.0000000000000000e+00 0.0000000000000000e+00 0.0000000000000000e+00 1.8278800576816405e-05 3.6028945369350583e+02 7.0705805064001870e-01 7.8384073705598939e-02 1.2608311171620548e+02 1.9104621595509224e+02 0.0000000000000000e+00 -1.2880117290156914e+06 -1.2880117290156914e+06 0.0000000000000000e+00
-5.5150764824516453e-03 3.6251133992733853e-03 0.0000000000000000e+00 8.3564147759254337e-01 -5.4927526881059474e-01 0.0000000000000000e+00 3.6136654256679614e-07 1.0000285163107851e-06 1 3.0991585489462950e+03 3.6468170889872815e-02 2.9600000000000000e+02 0.0000000000000000e+00 0.0000000000000000e+00 0.0000000000000000e+00 1.8278800576816405e-05 3.6049217055111376e+02 7.1924111838008931e-01 7.8473565093853628e-02 1.2117135677186918e+02 1.9037333003033064e+02 0.0000000000000000e+00 -1.3038317218650067e+06 -1.3038317218650067e+06 0.0000000000000000e+00
-5.5691983758655254e-03 3.5414044128200747e-03 0.0000000000000000e+00 8.4384199831539608e-01 -5.3659172736735217e-01 0.0000000000000000e+00 3.5302207876530214e-07 1.0000285163076729e-06 1 3.1505684498627247e+03 3.7073117368874101e-02 2.9600000000000000e+02 0.0000000000000000e+00 0.0000000000000000e+00 0.0000000000000000e+00 1.8278800576816405e-05 3.6070198028935260e+02 7.3159768466267106e-01 7.8578596526542657e-02 1.1656799020611928e+02 1.8961109971506971e+02 0.0000000000000000e+00 -1.3201795406583520e+06 -1.3201795406583520e+06 0.0000000000000000e+00
-5.6220498195005599e-03 3.4568875584743649e-03 0.0000000000000000e+00 8.5185002115840669e-01 -5.2378577820748606e-01 0.0000000000000000e+00 3.4459708368925565e-07 1.0000285163152704e-06 1 3.2017889434348072e+03 3.7675835068904456e-02 2.9600000000000000e+02 0.0000000000000000e+00 0.0000000000000000e+00 0.0000000000000000e+00 1.8278800576816405e-05 3.6091299658172352e+02 7.4392661775315372e-01 7.8585783605628845e-02 1.1201276055487895e+02 1.8825194209209701e+02 0.0000000000000000e+00 -1.3366035965864910e+06 -1.3366035965864910e+06 0.0000000000000000e+00
-5.6736187568083643e-03 3.3715821163487550e-03 0.0000000000000000e+00 8.5966371931945817e-01 -5.1086034264350144e-01 0.0000000000000000e+00 3.3609347798717582e-07 1.0000285163087889e-06 1 3.2513543312774505e+03 3.8259076941019356e-02 2.9600000000000000e+02 0.0000000000000000e+00 0.0000000000000000e+00 0.0000000000000000e+00 1.8278800576816405e-05 3.6111452097056008e+02 7.5586481525277460e-01 7.8528964929915124e-02 1.0709179039368107e+02 1.8689751691566323e+02 0.0000000000000000e+00 -1.3522704253855343e+06 -1.3522704253855343e+06 0.0000000000000000e+00
-5.7238934238589643e-03 3.2855075463599200e-03 0.0000000000000000e+00 8.6728131033456346e-01 -4.9781836923155282e-01 0.0000000000000000e+00 3.2751320346349201e-07 1.0000285163162836e-06 1 3.3010422786813524e+03 3.8843760986212394e-02 2.9600000000000000e+02 0.0000000000000000e+00 0.0000000000000000e+00 0.0000000000000000e+00 1.8278800576816405e-05 3.6131887932122038e+02 7.6785040436456664e-01 7.8439899686137377e-02 1.0249372665512880e+02 1.8521391777324777e+02 0.0000000000000000e+00 -1.3681366908890703e+06 -1.3681366908890703e+06 0.0000000000000000e+00
-5.7728623519863395e-03 3.1986834838580698e-03 0.0000000000000000e+00 8.7470105647703589e-01 -4.8466283310973746e-01 0.0000000000000000e+00 3.1885821568680695e-07 1.0000285163177166e-06 1 3.3498020274015053e+03 3.9417522806006473e-02 2.9600000000000000e+02 0.0000000000000000e+00 0.0000000000000000e+00 0.0000000000000000e+00 1.8278800576816405e-05 3.6151922901021806e+02 7.7962439370393888e-01 7.8273349929909641e-02 9.7723855144721810e+01 1.8329162842549005e+02 0.0000000000000000e+00 -1.3836748577032825e+06 -1.3836748577032825e+06 0.0000000000000000e+00
-5.8205143704065498e-03 3.1111297351222350e-03 0.0000000000000000e+00 8.8192126515597680e-01 -4.7139673531504356e-01 0.0000000000000000e+00 3.1013049101968660e-07 1.0000285163071685e-06 1 3.3978343989432815e+03 3.9982725491176263e-02 2.9600000000000000e+02 0.0000000000000000e+00 0.0000000000000000e+00 0.0000000000000000e+00 1.8278800576816405e-05 3.6171739459120812e+02 7.9123680178757994e-01 7.8042137057467764e-02 9.3058165591632772e+01 1.8105647446206490e+02 0.0000000000000000e+00 -1.3990259431077079e+06 -1.3990259431077079e+06 0.0000000000000000e+00
-5.8668386086804499e-03 3.0228662730223451e-03 0.0000000000000000e+00 8.8894028928785884e-01 -4.5802310212566560e-01 0.0000000000000000e+00 3.0133201753811259e-07 1.0000285163151931e-06 1 3.4448936085928208e+03 4.0536476863472219e-02 2.9600000000000000e+02 0.0000000000000000e+00 0.0000000000000000e+00 0.0000000000000000e+00 1.8278800576816405e-05 3.6191170630886842e+02 8.0262617888605137e-01 7.7749577060856501e-02 8.8327400724649664e+01 1.7864459667171607e+02 0.0000000000000000e+00 -1.4140619559959429e+06 -1.4140619559959429e+06 0.0000000000000000e+00
-5.9118244991933000e-03 2.9339132324628400e-03 0.0000000000000000e+00 8.9575652767330849e-01 -4.4454498437239981e-01 0.0000000000000000e+00 2.9246480433416214e-07 1.0000285163117285e-06 1 3.4911168892100782e+03 4.1080391758440665e-02 2.9600000000000000e+02 0.0000000000000000e+00 0.0000000000000000e+00 0.0000000000000000e+00 1.8278800576816405e-05 3.6210782785615993e+02 8.1383652936659334e-01 7.7396042551701669e-02 8.3793087527114750e+01 1.7592906183424242e+02 0.0000000000000000e+00 -1.4292187354445434e+06 -1.4292187354445434e+06 0.0000000000000000e+00
-5.9554617797321248e-03 2.8442909054880198e-03 0.0000000000000000e+00 9.0236842538740203e-01 -4.3096545669445557e-01 0.0000000000000000e+00 2.8353087350403838e-07 1.0000285163101640e-06 1 3.5361358448585702e+03 4.1610135216848435e-02 2.9600000000000000e+02 0.0000000000000000e+00 0.0000000000000000e+00 0.0000000000000000e+00 1.8278800576816405e-05 3.6230318287065444e+02 8.2477590707202142e-01 7.6990285283267540e-02 7.9174543298184972e+01 1.7312693373457435e+02 0.0000000000000000e+00 -1.4442971666444317e+06 -1.4442971666444317e+06 0.0000000000000000e+00
-5.9977404958103352e-03 2.7540197366381853e-03 0.0000000000000000e+00 9.0877447413172063e-01 -4.1728761683833210e-01 0.0000000000000000e+00 2.7453226482404507e-07 1.0000285163186092e-06 1 3.5807708495076668e+03 4.2135360677729404e-02 2.9600000000000000e+02 0.0000000000000000e+00 0.0000000000000000e+00 0.0000000000000000e+00 1.8278800576816405e-05 3.6249941607708246e+02 8.3563903097352188e-01 7.6493513866627769e-02 7.4882707965386203e+01 1.6980231310707654e+02 0.0000000000000000e+00 -1.4594278311120877e+06 -1.4594278311120877e+06 0.0000000000000000e+00
-6.0386510027735357e-03 2.6631203186465000e-03 0.0000000000000000e+00 9.1497321255283337e-01 -4.0351458500374893e-01 0.0000000000000000e+00 2.6547102818610805e-07 1.0000285163211594e-06 1 3.6233482925679941e+03 4.2636374564258624e-02 2.9600000000000000e+02 0.0000000000000000e+00 0.0000000000000000e+00 0.0000000000000000e+00 1.8278800576816405e-05 3.6268148202137047e+02 8.4599995551940532e-01 7.5914334628242819e-02 7.0259920125108181e+01 1.6640898036848668e+02 0.0000000000000000e+00 -1.4734549845139866e+06 -1.4734549845139866e+06 0.0000000000000000e+00
-6.0781839680066202e-03 2.5716133877307246e-03 0.0000000000000000e+00 9.2096322657816232e-01 -3.8964950313164814e-01 0.0000000000000000e+00 2.5634923249957851e-07 1.0000285163131704e-06 1 3.6652295717216516e+03 4.3129196606480812e-02 2.9600000000000000e+02 0.0000000000000000e+00 0.0000000000000000e+00 0.0000000000000000e+00 1.8278800576816405e-05 3.6286316671944365e+02 8.5620733554884410e-01 7.5293198243781431e-02 6.6100414147521661e+01 1.6274786061374382e+02 0.0000000000000000e+00 -1.4874357453205499e+06 -1.4874357453205499e+06 0.0000000000000000e+00
-6.1163303732617805e-03 2.4795198184334247e-03 0.0000000000000000e+00 9.2674314976759042e-01 -3.7569553412150852e-01 0.0000000000000000e+00 2.4716895838508615e-07 1.0000285163100186e-06 1 3.7057621405710561e+03 4.3606148212557296e-02 2.9600000000000000e+02 0.0000000000000000e+00 0.0000000000000000e+00 0.0000000000000000e+00 1.8278800576816405e-05 3.6303489755932497e+02 8.6608554602615628e-01 7.4617866401262431e-02 6.1711510582477871e+01 1.5908503800323589e+02 0.0000000000000000e+00 -1.5006393367068339e+06 -1.5006393367068339e+06 0.0000000000000000e+00
-6.1530815165826303e-03 2.3868606191339847e-03 0.0000000000000000e+00 9.3231166360522044e-01 -3.6165586115209891e-01 0.0000000000000000e+00 2.3793230014974274e-07 1.0000285163104414e-06 1 3.7460905339608034e+03 4.4080697261476190e-02 2.9600000000000000e+02 0.0000000000000000e+00 0.0000000000000000e+00 0.0000000000000000e+00 1.8278800576816405e-05 3.6320707107122291e+02 8.7592604525480011e-01 7.3853871350659628e-02 5.7784509203767811e+01 1.5493436180317093e+02 0.0000000000000000e+00 -1.5138652029238488e+06 -1.5138652029238488e+06 0.0000000000000000e+00
-6.1884290142672042e-03 2.2936569273236552e-03 0.0000000000000000e+00 9.3766749779692282e-01 -3.4753368696467030e-01 0.0000000000000000e+00 2.2864136432502572e-07 1.0000285163244569e-06 1 3.7841965866400606e+03 4.4529095760326189e-02 2.9600000000000000e+02 0.0000000000000000e+00 0.0000000000000000e+00 0.0000000000000000e+00 1.8278800576816405e-05 3.6336912068981667e+02 8.8523093798652430e-01 7.3002967384830100e-02 5.3503222297121674e+01 1.5072977788038128e+02 0.0000000000000000e+00 -1.5263029776229537e+06 -1.5263029776229537e+06 0.0000000000000000e+00
-6.2223648027553546e-03 2.1999300048701747e-03 0.0000000000000000e+00 9.4280943055606992e-01 -3.3333223314665966e-01 0.0000000000000000e+00 2.1929827013079074e-07 1.0000285163084206e-06 1 3.8224828172039097e+03 4.4979614433985599e-02 2.9600000000000000e+02 0.0000000000000000e+00 0.0000000000000000e+00 0.0000000000000000e+00 1.8278800576816405e-05 3.6353060982218796e+02 8.9458456967684741e-01 7.2065194926808643e-02 4.9661718892358735e+01 1.4608974447474850e+02 0.0000000000000000e+00 -1.5386899580724917e+06 -1.5386899580724917e+06 0.0000000000000000e+00
-6.2548811406125003e-03 2.1057012327728797e-03 0.0000000000000000e+00 9.4773628890516604e-01 -3.1905473933521722e-01 0.0000000000000000e+00 2.0990515028352275e-07 1.0000285163188072e-06 1 3.8578657027779750e+03 4.5395969098425255e-02 2.9600000000000000e+02 0.0000000000000000e+00 0.0000000000000000e+00 0.0000000000000000e+00 1.8278800576816405e-05 3.6368610608247377e+02 9.0325149973357421e-01 7.1022620732870897e-02 4.5701493008017749e+01 1.4128559144943273e+02 0.0000000000000000e+00 -1.5506048189277565e+06 -1.5506048189277565e+06 0.0000000000000000e+00
-6.2859706102359105e-03 2.0109921064339850e-03 0.0000000000000000e+00 9.5244694893252313e-01 -3.0470446250281230e-01 0.0000000000000000e+00 2.0046414652534157e-07 1.0000285163167989e-06 1 3.8924852718953225e+03 4.5803341726435673e-02 2.9600000000000000e+02 0.0000000000000000e+00 0.0000000000000000e+00 0.0000000000000000e+00 1.8278800576816405e-05 3.6384321101828891e+02 9.1175075137975736e-01 6.9981494029336455e-02 4.1877358058309426e+01 1.3661498407625322e+02 0.0000000000000000e+00 -1.5626286582185684e+06 -1.5626286582185684e+06 0.0000000000000000e+00
-6.3156261194744455e-03 1.9158242309496348e-03 0.0000000000000000e+00 9.5694033603932904e-01 -2.9028467624202314e-01 0.0000000000000000e+00 1.9097741295243923e-07 1.0000285163122723e-06 1 3.9268335004586070e+03 4.6207521457555321e-02 2.9600000000000000e+02 0.0000000000000000e+00 0.0000000000000000e+00 0.0000000000000000e+00 1.8278800576816405e-05 3.6400634709556635e+02 9.2020866812203783e-01 6.8812464502836332e-02 3.8504402137461682e+01 1.3142245136436836e+02 0.0000000000000000e+00 -1.5751018718604604e+06 -1.5751018718604604e+06 0.0000000000000000e+00
-6.3438409032583257e-03 1.8202193161916801e-03 0.0000000000000000e+00 9.6121542518552405e-01 -2.7579867002110864e-01 0.0000000000000000e+00 1.8144711281961759e-07 1.0000285163122359e-06 1 3.9584578214470234e+03 4.6579648641069012e-02 2.9600000000000000e+02 0.0000000000000000e+00 0.0000000000000000e+00 0.0000000000000000e+00 1.8278800576816405e-05 3.6414956593428803e+02 9.2798444051330076e-01 6.7524392266052932e-02 3.4751734784495611e+01 1.2611400159130075e+02 0.0000000000000000e+00 -1.5860488794535021e+06 -1.5860488794535021e+06 0.0000000000000000e+00
-6.3706085251770701e-03 1.7241991717420950e-03 0.0000000000000000e+00 9.6527124112982698e-01 -2.6124974841649773e-01 0.0000000000000000e+00 1.7187542105110842e-07 1.0000285163125700e-06 1 3.9893383271764819e+03 4.6943023261089817e-02 2.9600000000000000e+02 0.0000000000000000e+00 0.0000000000000000e+00 0.0000000000000000e+00 1.8278800576816405e-05 3.6429459417223103e+02 9.3559624966986898e-01 6.6180135822849970e-02 3.1580915156377621e+01 1.2061940931317432e+02 0.0000000000000000e+00 -1.5971218714595742e+06 -1.5971218714595742e+06 0.0000000000000000e+00
-6.3959228790200348e-03 1.6277857016567848e-03 0.0000000000000000e+00 9.6910685866245427e-01 -2.4664123031924282e-01 0.0000000000000000e+00 1.6226452123612940e-07 1.0000285163142489e-06 1 4.0185324532972340e+03 4.7286554049701474e-02 2.9600000000000000e+02 0.0000000000000000e+00 0.0000000000000000e+00 0.0000000000000000e+00 1.8278800576816405e-05 3.6443227498097514e+02 9.4279916290649224e-01 6.4745718225172305e-02 2.8179764397892534e+01 1.1507159699602612e+02 0.0000000000000000e+00 -1.6076268873081245e+06 -1.6076268873081245e+06 0.0000000000000000e+00
-6.4197781901182997e-03 1.5310008995912600e-03 0.0000000000000000e+00 9.7272140280876662e-01 -2.3197644819624538e-01 0.0000000000000000e+00 1.5261660601151162e-07 1.0000285163166083e-06 1 4.0471883612155307e+03 4.7623751560078677e-02 2.9600000000000000e+02 0.0000000000000000e+00 0.0000000000000000e+00 0.0000000000000000e+00 1.8278800576816405e-05 3.6457080299141887e+02 9.4988313820615400e-01 6.3163365314518327e-02 2.5370117738866764e+01 1.0904097805344057e+02 0.0000000000000000e+00 -1.6181884584686873e+06 -1.6181884584686873e+06 0.0000000000000000e+00
-6.4421690165315897e-03 1.4338668443485501e-03 0.0000000000000000e+00 9.7611404900816467e-01 -2.1725874741626927e-01 0.0000000000000000e+00 1.4293387463328484e-07 1.0000285163181827e-06 1 4.0727079944664711e+03 4.7924044149742599e-02 2.9600000000000000e+02 0.0000000000000000e+00 0.0000000000000000e+00 0.0000000000000000e+00 1.8278800576816405e-05 3.6468689207380805e+02 9.5617702214870337e-01 6.1466079087361583e-02 2.2133680163925710e+01 1.0300203658858388e+02 0.0000000000000000e+00 -1.6270386453818339e+06 -1.6270386453818339e+06 0.0000000000000000e+00
-6.4630902503792350e-03 1.3364056945188601e-03 0.0000000000000000e+00 9.7928402331778641e-01 -2.0249148543711476e-01 0.0000000000000000e+00 1.3321853730641037e-07 1.0000285163160327e-06 1 4.0981617526254013e+03 4.8223561579286485e-02 2.9600000000000000e+02 0.0000000000000000e+00 0.0000000000000000e+00 0.0000000000000000e+00 1.8278800576816405e-05 3.6480267343468410e+02 9.6245843780425144e-01 5.9679376195813642e-02 1.9622519366502040e+01 9.6730393763291573e+01 0.0000000000000000e+00 -1.6358583974957843e+06 -1.6358583974957843e+06 0.0000000000000000e+00
-6.5005051865507195e-03 1.1405911118867200e-03 0.0000000000000000e+00 9.8495311469775648e-01 -1.7282176323365139e-01 0.0000000000000000e+00 1.1369891662948816e-07 1.0000285163221642e-06 1 4.1431389333916741e+03 4.8752813467637539e-02 2.9600000000000000e+02 0.0000000000000000e+00 0.0000000000000000e+00 0.0000000000000000e+00 1.8278800576816405e-05 3.6499956030449226e+02 9.7354653252495227e-01 5.5612404953502823e-02 1.4573393608539916e+01 8.3514258663109104e+01 0.0000000000000000e+00 -1.6508526781005540e+06 -1.6508526781005540e+06 0.0000000000000000e+00
-6.5169903537985697e-03 1.0422823482040501e-03 0.0000000000000000e+00 9.8745093853782939e-01 -1.5792607125094849e-01 0.0000000000000000e+00 1.0389908594890475e-07 1.0000285163151349e-06 1 4.1623555262438913e+03 4.8978937423862376e-02 2.9600000000000000e+02 0.0000000000000000e+00 0.0000000000000000e+00 0.0000000000000000e+00 1.8278800576816405e-05 3.6507719768847068e+02 9.7827004831113951e-01 5.3364203478923254e-02 1.2042681089252282e+01 7.6761136614498611e+01 0.0000000000000000e+00 -1.6567661973073396e+06 -1.6567661973073396e+06 0.0000000000000000e+00
-6.5319888602275254e-03 9.4373581830633504e-04 0.0000000000000000e+00 9.8972350431517142e-01 -1.4299435305667529e-01 0.0000000000000000e+00 9.4075553406096177e-08 1.0000285163208350e-06 1 4.1809915837633689e+03 4.9198230151097928e-02 2.9600000000000000e+02 0.0000000000000000e+00 0.0000000000000000e+00 0.0000000000000000e+00 1.8278800576816405e-05 3.6515595530612882e+02 9.8286202922128696e-01 5.0966014927906929e-02 1.0247794864707961e+01 6.9809222205086499e+01 0.0000000000000000e+00 -1.6627592364560727e+06 -1.6627592364560727e+06 0.0000000000000000e+00
-6.5454972843564099e-03 8.4497400278058009e-04 0.0000000000000000e+00 9.9177029360898450e-01 -1.2803001489786925e-01 0.0000000000000000e+00 8.4230560461838415e-08 1.0000285163070029e-06 1 4.1965032433663200e+03 4.9380757712773754e-02 2.9600000000000000e+02 0.0000000000000000e+00 0.0000000000000000e+00 0.0000000000000000e+00 1.8278800576816405e-05 3.6522214480254735e+02 9.8668730796116855e-01 4.8426231089089097e-02 8.0415468702741233e+00 6.2953460869723138e+01 0.0000000000000000e+00 -1.6677953851609898e+06 -1.6677953851609898e+06 0.0000000000000000e+00
-6.5575125446529943e-03 7.4601943111913009e-04 0.0000000000000000e+00 9.9359083950714688e-01 -1.1303647043093215e-01 0.0000000000000000e+00 7.4366352853497951e-08 1.0000285163111218e-06 1 4.2122828232045504e+03 4.9566437924038399e-02 2.9600000000000000e+02 0.0000000000000000e+00 0.0000000000000000e+00 0.0000000000000000e+00 1.8278800576816405e-05 3.6530417130656559e+02 9.9061986010854974e-01 4.5697345435365293e-02 6.6999837552857926e+00 5.5902060675661971e+01 0.0000000000000000e+00 -1.6740235448292478e+06 -1.6740235448292478e+06 0.0000000000000000e+00
-6.5680319001958747e-03 6.4689467681318500e-04 0.0000000000000000e+00 9.9518472670666558e-01 -9.8017139979594006e-02 0.0000000000000000e+00 6.4485180778476922e-08 1.0000285163176294e-06 1 4.2244505483794328e+03 4.9709617007654333e-02 2.9600000000000000e+02 0.0000000000000000e+00 0.0000000000000000e+00 0.0000000000000000e+00 1.8278800576816405e-05 3.6536865540793178e+02 9.9365676503449796e-01 4.2696645634635953e-02 4.9299928914472053e+00 4.8760618458070766e+01 0.0000000000000000e+00 -1.6789203247065502e+06 -1.6789203247065502e+06 0.0000000000000000e+00
-6.5770529512878696e-03 5.4762235239605504e-04 0.0000000000000000e+00 9.9655159160642892e-01 -8.2975449783012648e-02 0.0000000000000000e+00 5.4589298070505595e-08 1.0000285163190327e-06 1 4.2361869995626621e+03 4.9847721238409547e-02 2.9600000000000000e+02 0.0000000000000000e+00 0.0000000000000000e+00 0.0000000000000000e+00 1.8278800576816405e-05 3.6543993483465488e+02 9.9661175182996842e-01 3.9520460666509022e-02 3.8202376815129084e+00 4.1697905618312220e+01 0.0000000000000000e+00 -1.6843245442598586e+06 -1.6843245442598586e+06 0.0000000000000000e+00
-6.5845736400312951e-03 4.4822510404283003e-04 0.0000000000000000e+00 9.9769112239517277e-01 -6.7914831177441223e-02 0.0000000000000000e+00 4.4680962520650264e-08 1.0000285163131242e-06 1 4.2457605067634267e+03 4.9960373847528758e-02 2.9600000000000000e+02 0.0000000000000000e+00 0.0000000000000000e+00 0.0000000000000000e+00 1.8278800576816405e-05 3.6550780141156190e+02 9.9904953061287860e-01 3.6000591564576655e-02 2.5809051581586275e+00 3.4571430376952399e+01 0.0000000000000000e+00 -1.6894624634284975e+06 -1.6894624634284975e+06 0.0000000000000000e+00
-6.5905922508100404e-03 3.4872560624634499e-04 0.0000000000000000e+00 9.9860305912355896e-01 -5.2838719790223913e-02 0.0000000000000000e+00 3.4762434325860506e-08 1.0000285163219230e-06 1 4.2548078055449050e+03 5.0066834498974568e-02 2.9600000000000000e+02 0.0000000000000000e+00 0.0000000000000000e+00 0.0000000000000000e+00 1.8278800576816405e-05 3.6557790666074379e+02 1.0013704354370807e+00 3.1963425412500274e-02 1.9204441284028639e+00 2.7202417948729043e+01 0.0000000000000000e+00 -1.6947698856315205e+06 -1.6947698856315205e+06 0.0000000000000000e+00
-6.5951074106570303e-03 2.4914655682704997e-04 0.0000000000000000e+00 9.9928719376041397e-01 -3.7750554783169764e-02 0.0000000000000000e+00 2.4835976127352880e-08 1.0000285163150036e-06 1 4.2606552322977132e+03 5.0135641871917762e-02 2.9600000000000000e+02 0.0000000000000000e+00 0.0000000000000000e+00 0.0000000000000000e+00 1.8278800576816405e-05 3.6563146484035275e+02 1.0028935344344996e+00 2.7200614373817770e-02 1.0135373666455512e+00 1.9695507582177736e+01 0.0000000000000000e+00 -1.6988166756984594e+06 -1.6988166756984594e+06 0.0000000000000000e+00
-6.5981180895677847e-03 1.4951067187564499e-04 0.0000000000000000e+00 9.9974337023979210e-01 -2.2653778086268072e-02 0.0000000000000000e+00 1.4903852261097543e-08 1.0000285163112008e-06 1 4.2659555952433902e+03 5.0198011879333815e-02 2.9600000000000000e+02 0.0000000000000000e+00 0.0000000000000000e+00 0.0000000000000000e+00 1.8278800576816405e-05 3.6569823009064879e+02 1.0043245181411078e+00 2.1421580236152961e-02 6.5055408865127662e-01 1.2199174629026361e+01 0.0000000000000000e+00 -1.7038610987951963e+06 -1.7038610987951963e+06 0.0000000000000000e+00
-6.5996236007408648e-03 4.9840680511989997e-05 0.0000000000000000e+00 9.9997148449804407e-01 -7.5518336036923452e-03 0.0000000000000000e+00 4.9683285421787814e-09 1.0000000000001327e-06 1 4.2691675736539019e+03 5.0235807615085684e-02 2.9600000000000000e+02 0.0000000000000000e+00 0.0000000000000000e+00 0.0000000000000000e+00 1.8278800576816405e-05 3.6574281093591270e+02 1.0051745687341851e+00 1.2416238536521450e-02 3.2898368359689495e-01 4.0880892800194788e+00 0.0000000000000000e+00 -1.7072478372018065e+06 -1.7072478372018065e+06 0.0000000000000000e+00
