pos.x pos.y pos.z n.x n.y n.z area cellWidthNormalToSurface outsign p rho T vel.x vel.y vel.z mu a Re y+ tau_wall.x tau_wall.y tau_wall.z q_total q_cond q_diff
-4.9840680848170002e-05 6.5996236007357847e-03 0.0000000000000000e+00 7.5518336546675485e-03 -9.9997148449765916e-01 0.0000000000000000e+00 6.5787822693276558e-07 1.0000285163208538e-06 1 4.9899460594341042e+02 5.8717294631009135e-03 2.9600000000000000e+02 0.0000000000000000e+00 0.0000000000000000e+00 0.0000000000000000e+00 1.8278800576816405e-05 3.4844373487248453e+02 1.1193435144426145e-01 2.5677073393392744e-02 1.5003612037938109e+02 2.4898706174980543e+00 0.0000000000000000e+00 -3.1726907336304639e+05 -3.1726907336304639e+05 0.0000000000000000e+00
-6.4825371191204548e-03 1.2386396829263150e-03 0.0000000000000000e+00 9.8223060260474682e-01 -1.8767803096451113e-01 0.0000000000000000e+00 1.2347281018633071e-07 1.0000285163117315e-06 1 4.1211502941111694e+03 4.8494070508136533e-02 2.9600000000000000e+02 0.0000000000000000e+00 0.0000000000000000e+00 0.0000000000000000e+00 1.8278800576816405e-05 3.6490273293589422e+02 9.6812279334308293e-01 5.7723060755748089e-02 1.6813908259597927e+01 9.0268136076493590e+01 0.0000000000000000e+00 -1.6434807950593894e+06 -1.6434807950593894e+06 0.0000000000000000e+00
-1.4951067285093501e-04 6.5981180895433953e-03 0.0000000000000000e+00 2.2653778233972237e-02 -9.9974337023644522e-01 0.0000000000000000e+00 6.5772815125717997e-07 1.0000285163160255e-06 1 5.1577621503413911e+02 6.0692006729348904e-03 2.9600000000000000e+02 0.0000000000000000e+00 0.0000000000000000e+00 0.0000000000000000e+00 1.8278800576816405e-05 3.4856235514528458e+02 1.1573818520736631e-01 2.6635534724057466e-02 1.5617780535879109e+02 3.3958574964632957e+00 0.0000000000000000e+00 -3.2755838198811142e+05 -3.2755838198811142e+05 0.0000000000000000e+00
-2.4914655836240498e-04 6.5951074105970852e-03 0.0000000000000000e+00 3.7750555015802989e-02 -9.9928719375162545e-01 0.0000000000000000e+00 6.5742803408551475e-07 1.0000285163157007e-06 1 5.3335753417211822e+02 6.2760821669491955e-03 2.9600000000000000e+02 0.0000000000000000e+00 0.0000000000000000e+00 0.0000000000000000e+00 1.8278800576816405e-05 3.4866483951431343e+02 1.1971855446018621e-01 2.7334659960791707e-02 1.5898326123098411e+02 6.0856460903358132e+00 0.0000000000000000e+00 -3.3649531162031746e+05 -3.3649531162031746e+05 0.0000000000000000e+00
-3.4872560836832000e-04 6.5905922506952650e-03 0.0000000000000000e+00 5.2838720111761162e-02 -9.9860305910654545e-01 0.0000000000000000e+00 6.5697794397700301e-07 1.0000285163084848e-06 1 5.5191152514354417e+02 6.4944092072566914e-03 2.9600000000000000e+02 0.0000000000000000e+00 0.0000000000000000e+00 0.0000000000000000e+00 1.8278800576816405e-05 3.4877317327317763e+02 1.2392171410962449e-01 2.8083280169312181e-02 1.6207538781141082e+02 8.3060367020027162e+00 0.0000000000000000e+00 -3.4592380235705938e+05 -3.4592380235705938e+05 0.0000000000000000e+00
-4.4822510682242006e-04 6.5845736398395856e-03 0.0000000000000000e+00 6.7914831598698433e-02 -9.9769112236649693e-01 0.0000000000000000e+00 6.5637798354513139e-07 1.0000285163132013e-06 1 5.7136890881840111e+02 6.7233665780132654e-03 2.9600000000000000e+02 0.0000000000000000e+00 0.0000000000000000e+00 0.0000000000000000e+00 1.8278800576816405e-05 3.4888580984034479e+02 1.2833194792603306e-01 2.8861705002986685e-02 1.6520916887045223e+02 1.0960404643742695e+01 0.0000000000000000e+00 -3.5571031169429648e+05 -3.5571031169429648e+05 0.0000000000000000e+00
-5.4762235580433998e-04 6.5770529510017850e-03 0.0000000000000000e+00 8.2975450299456702e-02 -9.9655159156342854e-01 0.0000000000000000e+00 6.5562828943141637e-07 1.0000285163174068e-06 1 5.9199000494451536e+02 6.9660174929589728e-03 2.9600000000000000e+02 0.0000000000000000e+00 0.0000000000000000e+00 0.0000000000000000e+00 1.8278800576816405e-05 3.4900509383569823e+02 1.3300899622755610e-01 2.9665342990678384e-02 1.6829812045756717e+02 1.3367076178670338e+01 0.0000000000000000e+00 -3.6605964853431925e+05 -3.6605964853431925e+05 0.0000000000000000e+00
-6.4689468074036497e-04 6.5680318998073955e-03 0.0000000000000000e+00 9.8017140574641171e-02 -9.9518472664805857e-01 0.0000000000000000e+00 6.5472903316130930e-07 1.0000285163080534e-06 1 6.1343993771043495e+02 7.2184214281980387e-03 2.9600000000000000e+02 0.0000000000000000e+00 0.0000000000000000e+00 0.0000000000000000e+00 1.8278800576816405e-05 3.4912725770915705e+02 1.3787663654035412e-01 3.0468766323223644e-02 1.7112576756229868e+02 1.5968787496310668e+01 0.0000000000000000e+00 -3.7664441881949588e+05 -3.7664441881949588e+05 0.0000000000000000e+00
-7.4601943558178494e-04 6.5575125441428399e-03 0.0000000000000000e+00 1.1303647110724005e-01 -9.9359083943020643e-01 0.0000000000000000e+00 6.5368041972868847e-07 1.0000285163153004e-06 1 6.3548486183318130e+02 7.4778266981981589e-03 2.9600000000000000e+02 0.0000000000000000e+00 0.0000000000000000e+00 0.0000000000000000e+00 1.8278800576816405e-05 3.4925174496431583e+02 1.4288237821596411e-01 3.1283328851524780e-02 1.7388536482309161e+02 1.8779459358030444e+01 0.0000000000000000e+00 -3.8741114423263166e+05 -3.8741114423263166e+05 0.0000000000000000e+00
-8.4497400791303000e-04 6.5454972836911001e-03 0.0000000000000000e+00 1.2803001567552413e-01 -9.9177029350859514e-01 0.0000000000000000e+00 6.5248268808447871e-07 1.0000285163220649e-06 1 6.5827815642818473e+02 7.7460381334331892e-03 2.9600000000000000e+02 0.0000000000000000e+00 0.0000000000000000e+00 0.0000000000000000e+00 1.8278800576816405e-05 3.4937958733469941e+02 1.4806139872818802e-01 3.2112684686934546e-02 1.7659847073963854e+02 2.1575673275219923e+01 0.0000000000000000e+00 -3.9844903140143096e+05 -3.9844903140143096e+05 0.0000000000000000e+00
-9.4373582414714009e-04 6.5319888593808606e-03 0.0000000000000000e+00 1.4299435394170740e-01 -9.8972350418730259e-01 0.0000000000000000e+00 6.5113611180076835e-07 1.0000285163124667e-06 1 6.8170603072735912e+02 8.0217167442674861e-03 2.9600000000000000e+02 0.0000000000000000e+00 0.0000000000000000e+00 0.0000000000000000e+00 1.8278800576816405e-05 3.4950998805940407e+02 1.5338807719113876e-01 3.2949051450871861e-02 1.7919639031502527e+02 2.4494630465927951e+01 0.0000000000000000e+00 -4.0968866246427671e+05 -4.0968866246427671e+05 0.0000000000000000e+00
-1.0422823546915000e-03 6.5169903527587001e-03 0.0000000000000000e+00 1.5792607223397398e-01 -9.8745093838061115e-01 0.0000000000000000e+00 6.4964099801427405e-07 1.0000285163109927e-06 1 7.0567665162066237e+02 8.3037819194649778e-03 2.9600000000000000e+02 0.0000000000000000e+00 0.0000000000000000e+00 0.0000000000000000e+00 1.8278800576816405e-05 3.4964336535008033e+02 1.5884220829666576e-01 3.3811736271556772e-02 1.8188492459346233e+02 2.7739461866134427e+01 0.0000000000000000e+00 -4.2116008062534739e+05 -4.2116008062534739e+05 0.0000000000000000e+00
-1.1405911189622099e-03 6.5005051853068551e-03 0.0000000000000000e+00 1.7282176430583784e-01 -9.8495311450962852e-01 0.0000000000000000e+00 6.4799768648494082e-07 1.0000285163185886e-06 1 7.3068757182699960e+02 8.5980884216307965e-03 2.9600000000000000e+02 0.0000000000000000e+00 0.0000000000000000e+00 0.0000000000000000e+00 1.8278800576816405e-05 3.4978205079788080e+02 1.6453720527352772e-01 3.4706143278511202e-02 1.8464907793743126e+02 3.0891731853868549e+01 0.0000000000000000e+00 -4.3306525650328037e+05 -4.3306525650328037e+05 0.0000000000000000e+00
-1.2386396906752650e-03 6.4825371176368048e-03 0.0000000000000000e+00 1.8767803213864420e-01 -9.8223060238040139e-01 0.0000000000000000e+00 6.4620655419092949e-07 1.0000285163068365e-06 1 7.5673885620481622e+02 8.9046370139620606e-03 2.9600000000000000e+02 0.0000000000000000e+00 0.0000000000000000e+00 0.0000000000000000e+00 1.8278800576816405e-05 3.4992313888820763e+02 1.7047220229522142e-01 3.5613055342276684e-02 1.8725167585973705e+02 3.4155408288031310e+01 0.0000000000000000e+00 -4.4515558979918296e+05 -4.4515558979918296e+05 0.0000000000000000e+00
-1.3364057029766349e-03 6.4630902486276596e-03 0.0000000000000000e+00 2.0249148671872669e-01 -9.7928402305278095e-01 0.0000000000000000e+00 6.4426800860735535e-07 1.0000285163172306e-06 1 7.8376081879690787e+02 9.2226076934302653e-03 2.9600000000000000e+02 0.0000000000000000e+00 0.0000000000000000e+00 0.0000000000000000e+00 1.8278800576816405e-05 3.5006540903907052e+02 1.7663128313173174e-01 3.6510427368431311e-02 1.8953804141764951e+02 3.7215613687159653e+01 0.0000000000000000e+00 -4.5732951365441928e+05 -4.5732951365441928e+05 0.0000000000000000e+00
-1.4338668534262348e-03 6.4421690145087251e-03 0.0000000000000000e+00 2.1725874879182311e-01 -9.7611404870200047e-01 0.0000000000000000e+00 6.4218249249895872e-07 1.0000285163219516e-06 1 8.1118682006317238e+02 9.5453327445071314e-03 2.9600000000000000e+02 0.0000000000000000e+00 0.0000000000000000e+00 0.0000000000000000e+00 1.8278800576816405e-05 3.5020667659012167e+02 1.8288588295673822e-01 3.7392872626859128e-02 1.9152009699891946e+02 4.0507255449677011e+01 0.0000000000000000e+00 -4.6939738775530626e+05 -4.6939738775530626e+05 0.0000000000000000e+00
-2.8442909231812452e-03 5.9554617712790203e-03 0.0000000000000000e+00 4.3096545937549324e-01 -9.0236842410695528e-01 0.0000000000000000e+00 5.9366546745893147e-07 1.0000285163075908e-06 1 1.3138896111393010e+03 1.5460696867460228e-02 2.9600000000000000e+02 0.0000000000000000e+00 0.0000000000000000e+00 0.0000000000000000e+00 1.8278800576816405e-05 3.5275144542627464e+02 2.9837508572470617e-01 5.2161330963564768e-02 2.1350139550703227e+02 9.8622522009875041e+01 0.0000000000000000e+00 -6.8321739446400641e+05 -6.8321739446400641e+05 0.0000000000000000e+00
-1.5310009091257051e-03 6.4197781878430147e-03 0.0000000000000000e+00 2.3197644964102537e-01 -9.7272140246421279e-01 0.0000000000000000e+00 6.3995048102556966e-07 1.0000285163178576e-06 1 8.3894897834020423e+02 9.8720133955060036e-03 2.9600000000000000e+02 0.0000000000000000e+00 0.0000000000000000e+00 0.0000000000000000e+00 1.8278800576816405e-05 3.5035123852726770e+02 1.8922306931088864e-01 3.8301097268332536e-02 1.9362845380532448e+02 4.4092874069082022e+01 0.0000000000000000e+00 -4.8171817361072154e+05 -4.8171817361072154e+05 0.0000000000000000e+00
-1.6277857117098600e-03 6.3959228764585204e-03 0.0000000000000000e+00 2.4664123184255479e-01 -9.6910685827476584e-01 0.0000000000000000e+00 6.3757248283729838e-07 1.0000285163215537e-06 1 8.6770659985000225e+02 1.0210407781931366e-02 2.9600000000000000e+02 0.0000000000000000e+00 0.0000000000000000e+00 0.0000000000000000e+00 1.8278800576816405e-05 3.5050267791608798e+02 1.9579388202461090e-01 3.9244429413998430e-02 1.9587199061913594e+02 4.7622831285153367e+01 0.0000000000000000e+00 -4.9459941277833679e+05 -4.9459941277833679e+05 0.0000000000000000e+00
-1.7241991824931049e-03 6.3706085222643098e-03 0.0000000000000000e+00 2.6124975004561624e-01 -9.6527124068890768e-01 0.0000000000000000e+00 6.3504904102462852e-07 1.0000285163216447e-06 1 8.9741784004326951e+02 1.0560023513945631e-02 2.9600000000000000e+02 0.0000000000000000e+00 0.0000000000000000e+00 0.0000000000000000e+00 1.8278800576816405e-05 3.5065805420053442e+02 2.0258784906981905e-01 4.0188142195249833e-02 1.9790154067440795e+02 5.1094287569109405e+01 0.0000000000000000e+00 -5.0779425176894903e+05 -5.0779425176894903e+05 0.0000000000000000e+00
-1.8202193276267600e-03 6.3438408999743449e-03 0.0000000000000000e+00 2.7579867175379408e-01 -9.6121542468836974e-01 0.0000000000000000e+00 6.3238073231230312e-07 1.0000285163156014e-06 1 9.2755387618088321e+02 1.0914637870859877e-02 2.9600000000000000e+02 0.0000000000000000e+00 0.0000000000000000e+00 0.0000000000000000e+00 1.8278800576816405e-05 3.5081458648166904e+02 2.0948438846124420e-01 4.1134867416615047e-02 1.9978631919112456e+02 5.4842730133565730e+01 0.0000000000000000e+00 -5.2105959654962021e+05 -5.2105959654962021e+05 0.0000000000000000e+00
-1.9158242429433100e-03 6.3156261158341352e-03 0.0000000000000000e+00 2.9028467805944302e-01 -9.5694033548802071e-01 0.0000000000000000e+00 6.2956816373327102e-07 1.0000285163222152e-06 1 9.5849103544981597e+02 1.1278679139884415e-02 2.9600000000000000e+02 0.0000000000000000e+00 0.0000000000000000e+00 0.0000000000000000e+00 1.8278800576816405e-05 3.5097516089902223e+02 2.1657050702576067e-01 4.2105999083914630e-02 2.0172786044358290e+02 5.8604785557172804e+01 0.0000000000000000e+00 -5.3463853417753824e+05 -5.3463853417753824e+05 0.0000000000000000e+00
-2.0109921190293797e-03 6.2859706062030150e-03 0.0000000000000000e+00 3.0470446441136667e-01 -9.5244694832194310e-01 0.0000000000000000e+00 6.2661197897351032e-07 1.0000285163171862e-06 1 9.9043671844792777e+02 1.1654587828765448e-02 2.9600000000000000e+02 0.0000000000000000e+00 0.0000000000000000e+00 0.0000000000000000e+00 1.8278800576816405e-05 3.5113949038034070e+02 2.2389339570531652e-01 4.3092339575749518e-02 2.0357318314560129e+02 6.2422068954419423e+01 0.0000000000000000e+00 -5.4850867230518244e+05 -5.4850867230518244e+05 0.0000000000000000e+00
-2.1057012461089299e-03 6.2548811361195951e-03 0.0000000000000000e+00 3.1905474135610901e-01 -9.4773628822483447e-01 0.0000000000000000e+00 6.2351284952240806e-07 1.0000285163173806e-06 1 1.0232903479597378e+03 1.2041180433327938e-02 2.9600000000000000e+02 0.0000000000000000e+00 0.0000000000000000e+00 0.0000000000000000e+00 1.8278800576816405e-05 3.5130721824145269e+02 2.3143062440015538e-01 4.4093107032857862e-02 2.0531432329992688e+02 6.6372216837133180e+01 0.0000000000000000e+00 -5.6263651237997506e+05 -5.6263651237997506e+05 0.0000000000000000e+00
-2.1999300189323150e-03 6.2223647977802457e-03 0.0000000000000000e+00 3.3333223527735650e-01 -9.4280942980275761e-01 0.0000000000000000e+00 6.2027148359975175e-07 1.0000285163087362e-06 1 1.0573267870868065e+03 1.2441691300702154e-02 2.9600000000000000e+02 0.0000000000000000e+00 0.0000000000000000e+00 0.0000000000000000e+00 1.8278800576816405e-05 3.5147834399763167e+02 2.3924489672692276e-01 4.5079883749533811e-02 2.0677253922286576e+02 6.9942077823021435e+01 0.0000000000000000e+00 -5.7702979358728696e+05 -5.7702979358728696e+05 0.0000000000000000e+00
-2.2936569420155001e-03 6.1884290088192401e-03 0.0000000000000000e+00 3.4753368919101230e-01 -9.3766749697175966e-01 0.0000000000000000e+00 6.1688862185034462e-07 1.0000285163101532e-06 1 1.0915335146175871e+03 1.2844205972176434e-02 2.9600000000000000e+02 0.0000000000000000e+00 0.0000000000000000e+00 0.0000000000000000e+00 1.8278800576816405e-05 3.5164845371949070e+02 2.4710450493966019e-01 4.6057731419032653e-02 2.0792214434550050e+02 7.4045442217481707e+01 0.0000000000000000e+00 -5.9130768449114996e+05 -5.9130768449114996e+05 0.0000000000000000e+00
-2.3868606344034050e-03 6.1530815106563205e-03 0.0000000000000000e+00 3.6165586346588630e-01 -9.3231166270767207e-01 0.0000000000000000e+00 6.1336503536847144e-07 1.0000285163171607e-06 1 1.1265192873652013e+03 1.3255887762289444e-02 2.9600000000000000e+02 0.0000000000000000e+00 0.0000000000000000e+00 0.0000000000000000e+00 1.8278800576816405e-05 3.5182449759928801e+02 2.5515235671299819e-01 4.7063963630070496e-02 2.0924099781135479e+02 7.7996200559667713e+01 0.0000000000000000e+00 -6.0605029485167959e+05 -6.0605029485167959e+05 0.0000000000000000e+00
-2.4795198343218697e-03 6.1163303668175751e-03 0.0000000000000000e+00 3.7569553652910254e-01 -9.2674314879156772e-01 0.0000000000000000e+00 6.0970152620322003e-07 1.0000285163247891e-06 1 1.1624323217445822e+03 1.3678480751398190e-02 2.9600000000000000e+02 0.0000000000000000e+00 0.0000000000000000e+00 0.0000000000000000e+00 1.8278800576816405e-05 3.5200395234561489e+02 2.6342081741097262e-01 4.8078298201084953e-02 2.1040028406292856e+02 8.2055412278685424e+01 0.0000000000000000e+00 -6.2105037707885355e+05 -6.2105037707885355e+05 0.0000000000000000e+00
-2.5716134042073650e-03 6.0781839610325600e-03 0.0000000000000000e+00 3.8964950562825490e-01 -9.2096322552187526e-01 0.0000000000000000e+00 6.0589893183906653e-07 1.0000285163151478e-06 1 1.1990755898259840e+03 1.4109666488188044e-02 2.9600000000000000e+02 0.0000000000000000e+00 0.0000000000000000e+00 0.0000000000000000e+00 1.8278800576816405e-05 3.5218681115941371e+02 2.7186576769540421e-01 4.9101481194156228e-02 2.1145774396605555e+02 8.6196481926863584e+01 0.0000000000000000e+00 -6.3630251100052660e+05 -6.3630251100052660e+05 0.0000000000000000e+00
-2.6631203356587002e-03 6.0386509952681400e-03 0.0000000000000000e+00 4.0351458758156777e-01 -9.1497321141598298e-01 0.0000000000000000e+00 6.0195811968572646e-07 1.0000285163178337e-06 1 1.2366782544404355e+03 1.4552141559216801e-02 2.9600000000000000e+02 0.0000000000000000e+00 0.0000000000000000e+00 0.0000000000000000e+00 1.8278800576816405e-05 3.5237326027951121e+02 2.8053984008869148e-01 5.0132593446968673e-02 2.1239584922936808e+02 9.0325327791313356e+01 0.0000000000000000e+00 -6.5182334544764354e+05 -6.5182334544764354e+05 0.0000000000000000e+00
-2.7540197539920449e-03 5.9977404878405098e-03 0.0000000000000000e+00 4.1728761946791648e-01 -9.0877447292427815e-01 0.0000000000000000e+00 5.9787998735241140e-07 1.0000285163160319e-06 1 1.2752247327729572e+03 1.5005722599628922e-02 2.9600000000000000e+02 0.0000000000000000e+00 0.0000000000000000e+00 0.0000000000000000e+00 1.8278800576816405e-05 3.5256212261395160e+02 2.8943913759412165e-01 5.1144853473169750e-02 2.1304522364626246e+02 9.4239848938110796e+01 0.0000000000000000e+00 -6.6751976988930232e+05 -6.6751976988930232e+05 0.0000000000000000e+00
-5.0379062319761700e-03 4.2634512501831647e-03 0.0000000000000000e+00 7.6334089310587316e-01 -6.4599588304595867e-01 0.0000000000000000e+00 4.2499874378417654e-07 1.0000285163195538e-06 1 2.6749105673398522e+03 3.1475993933270302e-02 2.9600000000000000e+02 0.0000000000000000e+00 0.0000000000000000e+00 0.0000000000000000e+00 1.8278800576816405e-05 3.5876169562622994e+02 6.1780328116756833e-01 7.6122671818871918e-02 1.5729405970900760e+02 1.8917417801373739e+02 0.0000000000000000e+00 -1.1681531575382752e+06 -1.1681531575382752e+06 0.0000000000000000e+00
-5.1017235191792246e-03 4.1868762698157149e-03 0.0000000000000000e+00 7.7301045477795138e-01 -6.3439328243920179e-01 0.0000000000000000e+00 4.1736542617395872e-07 1.0000285163086542e-06 1 2.7284926903378819e+03 3.2106501210414515e-02 2.9600000000000000e+02 0.0000000000000000e+00 0.0000000000000000e+00 0.0000000000000000e+00 1.8278800576816405e-05 3.5898800491447668e+02 6.3057624818076141e-01 7.6603625343834511e-02 1.5301374383356040e+02 1.9038205090472979e+02 0.0000000000000000e+00 -1.1859787183718230e+06 -1.1859787183718230e+06 0.0000000000000000e+00
-5.1643769972465848e-03 4.1093461761202398e-03 0.0000000000000000e+00 7.8250367670434806e-01 -6.2264596356531288e-01 0.0000000000000000e+00 4.0963690125618934e-07 1.0000285163110020e-06 1 2.7824676950684002e+03 3.2741631574094508e-02 2.9600000000000000e+02 0.0000000000000000e+00 0.0000000000000000e+00 0.0000000000000000e+00 1.8278800576816405e-05 3.5921565189560374e+02 6.4345807973891411e-01 7.7032023927208773e-02 1.4885290862231992e+02 1.9105842085971213e+02 0.0000000000000000e+00 -1.2038842964513795e+06 -1.2038842964513795e+06 0.0000000000000000e+00
-2.9339132506231548e-03 5.9118244901780600e-03 0.0000000000000000e+00 4.4454498712413115e-01 -8.9575652630768254e-01 0.0000000000000000e+00 5.8931552051516140e-07 1.0000285163111930e-06 1 1.3536747626060721e+03 1.5928853523421885e-02 2.9600000000000000e+02 0.0000000000000000e+00 0.0000000000000000e+00 0.0000000000000000e+00 1.8278800576816405e-05 3.5294740496481086e+02 3.0758078527010413e-01 5.3202869761971916e-02 2.1411125355314402e+02 1.0271469722703330e+02 0.0000000000000000e+00 -6.9943055945234175e+05 -6.9943055945234175e+05 0.0000000000000000e+00
-3.0228662915295951e-03 5.8668385991427104e-03 0.0000000000000000e+00 4.5802310493009646e-01 -8.8894028784288659e-01 0.0000000000000000e+00 5.8483113711329868e-07 1.0000285163131299e-06 1 1.3944125346464737e+03 1.6408219780094092e-02 2.9600000000000000e+02 0.0000000000000000e+00 0.0000000000000000e+00 0.0000000000000000e+00 1.8278800576816405e-05 3.5314436222903805e+02 3.1701399236416578e-01 5.4243026320326307e-02 2.1442004270991998e+02 1.0700820536791394e+02 0.0000000000000000e+00 -7.1569543551596580e+05 -7.1569543551596580e+05 0.0000000000000000e+00
-3.1111297537573853e-03 5.8205143604451648e-03 0.0000000000000000e+00 4.7139673813858918e-01 -8.8192126364676027e-01 0.0000000000000000e+00 5.8021334151766120e-07 1.0000285163101376e-06 1 1.4362203868464956e+03 1.6900177798533426e-02 2.9600000000000000e+02 0.0000000000000000e+00 0.0000000000000000e+00 0.0000000000000000e+00 1.8278800576816405e-05 3.5334427106388813e+02 3.2670367333089767e-01 5.5283708365675290e-02 2.1459634435505248e+02 1.1115636726615321e+02 0.0000000000000000e+00 -7.3217098816323560e+05 -7.3217098816323560e+05 0.0000000000000000e+00
-3.1986835026229800e-03 5.7728623415868050e-03 0.0000000000000000e+00 4.8466283595312420e-01 -8.7470105490154459e-01 0.0000000000000000e+00 5.7546318787175415e-07 1.0000285163109766e-06 1 1.4791495976629169e+03 1.7405330978499941e-02 2.9600000000000000e+02 0.0000000000000000e+00 0.0000000000000000e+00 0.0000000000000000e+00 1.8278800576816405e-05 3.5354426923882602e+02 3.3665942535350191e-01 5.6290314339732583e-02 2.1437262188365713e+02 1.1503070502441184e+02 0.0000000000000000e+00 -7.4863161324934429e+05 -7.4863161324934429e+05 0.0000000000000000e+00
-3.2855075653986498e-03 5.7238934129285254e-03 0.0000000000000000e+00 4.9781837211650493e-01 -8.6728130867860453e-01 0.0000000000000000e+00 5.7058175978785128e-07 1.0000285163190570e-06 1 1.5219969169678291e+03 1.7909520531214418e-02 2.9600000000000000e+02 0.0000000000000000e+00 0.0000000000000000e+00 0.0000000000000000e+00 1.8278800576816405e-05 3.5374337535308285e+02 3.4660670860734666e-01 5.7291169167976587e-02 2.1387312509546155e+02 1.1934604071402437e+02 0.0000000000000000e+00 -7.6498027010861668e+05 -7.6498027010861668e+05 0.0000000000000000e+00
-3.3715821357789551e-03 5.6736187452583898e-03 0.0000000000000000e+00 5.1086034558771864e-01 -8.5966371756983928e-01 0.0000000000000000e+00 5.6557017036525970e-07 1.0000285163169956e-06 1 1.5660819812384655e+03 1.8428274777607914e-02 2.9600000000000000e+02 0.0000000000000000e+00 0.0000000000000000e+00 0.0000000000000000e+00 1.8278800576816405e-05 3.5394850396238598e+02 3.5685308031992319e-01 5.8310390951815831e-02 2.1349445041176261e+02 1.2335401799435550e+02 0.0000000000000000e+00 -7.8179118461336801e+05 -7.8179118461336801e+05 0.0000000000000000e+00
-3.4568875782882303e-03 5.6220498073150695e-03 0.0000000000000000e+00 5.2378578120994157e-01 -8.5185001931225623e-01 0.0000000000000000e+00 5.6042956139355273e-07 1.0000285163205288e-06 1 1.6108473197935064e+03 1.8955033893214727e-02 2.9600000000000000e+02 0.0000000000000000e+00 0.0000000000000000e+00 0.0000000000000000e+00 1.8278800576816405e-05 3.5415420524327317e+02 3.6726678896680953e-01 5.9293818881188343e-02 2.1273678595254165e+02 1.2721186456982365e+02 0.0000000000000000e+00 -7.9862299381485034e+05 -7.9862299381485034e+05 0.0000000000000000e+00
-3.5414044329654150e-03 5.5691983630521344e-03 0.0000000000000000e+00 5.3659173041989250e-01 -8.4384199637431256e-01 0.0000000000000000e+00 5.5516110780974777e-07 1.0000285163116317e-06 1 1.6554347743538849e+03 1.9479699826490442e-02 2.9600000000000000e+02 0.0000000000000000e+00 0.0000000000000000e+00 0.0000000000000000e+00 1.8278800576816405e-05 3.5436072961710329e+02 3.7765265055452196e-01 6.0289696079883923e-02 2.1184749177275086e+02 1.3154189286970194e+02 0.0000000000000000e+00 -8.1547822750274360e+05 -8.1547822750274360e+05 0.0000000000000000e+00
-3.6251134197051301e-03 5.5150764690196251e-03 0.0000000000000000e+00 5.4927527190652781e-01 -8.3564147555755630e-01 0.0000000000000000e+00 5.4976600870419297e-07 1.0000285163112787e-06 1 1.7017588683351344e+03 2.0024801004421822e-02 2.9600000000000000e+02 0.0000000000000000e+00 0.0000000000000000e+00 0.0000000000000000e+00 1.8278800576816405e-05 3.5457411212682712e+02 3.8845429055923159e-01 6.1301491870906055e-02 2.1106690110243684e+02 1.3544271592261052e+02 0.0000000000000000e+00 -8.3286462118521286e+05 -8.3286462118521286e+05 0.0000000000000000e+00
-3.7079954427599151e-03 5.4596964715380803e-03 0.0000000000000000e+00 5.6183351229212464e-01 -8.2725032757049732e-01 0.0000000000000000e+00 5.4424549844169867e-07 1.0000285163108417e-06 1 1.7487893677415132e+03 2.0578214539838081e-02 2.9600000000000000e+02 0.0000000000000000e+00 0.0000000000000000e+00 0.0000000000000000e+00 1.8278800576816405e-05 3.5478597260089805e+02 3.9942828977590511e-01 6.2256832887423827e-02 2.0973854147554246e+02 1.3916410030333995e+02 0.0000000000000000e+00 -8.5010398936670949e+05 -8.5010398936670949e+05 0.0000000000000000e+00
-3.7900315951380353e-03 5.4030710038556152e-03 0.0000000000000000e+00 5.7426358679924216e-01 -8.1867046659597364e-01 0.0000000000000000e+00 5.3860083416177956e-07 1.0000285163137222e-06 1 1.7954583639259413e+03 2.1127374223420967e-02 2.9600000000000000e+02 0.0000000000000000e+00 0.0000000000000000e+00 0.0000000000000000e+00 1.8278800576816405e-05 3.5499809877664171e+02 4.1033280752511719e-01 6.3209234989586527e-02 2.0826171270892473e+02 1.4316557464182682e+02 0.0000000000000000e+00 -8.6732165462370939e+05 -8.6732165462370939e+05 0.0000000000000000e+00
-3.8712031626210305e-03 5.3452129834614098e-03 0.0000000000000000e+00 5.8656265985939227e-01 -8.0990384988508046e-01 0.0000000000000000e+00 5.3283330325978999e-07 1.0000285163164710e-06 1 1.8433758759009265e+03 2.1691225342272379e-02 2.9600000000000000e+02 0.0000000000000000e+00 0.0000000000000000e+00 0.0000000000000000e+00 1.8278800576816405e-05 3.5521567725853538e+02 4.2154204747543206e-01 6.4183334573303649e-02 2.0690841134429556e+02 1.4698023530643428e+02 0.0000000000000000e+00 -8.8494774566810974e+05 -8.8494774566810974e+05 0.0000000000000000e+00
-3.9514916283519804e-03 5.2861356089211201e-03 0.0000000000000000e+00 5.9872792580831991e-01 -8.0095247727768915e-01 0.0000000000000000e+00 5.2694422343833055e-07 1.0000285163135541e-06 1 1.8925499266458132e+03 2.2269862303753916e-02 2.9600000000000000e+02 0.0000000000000000e+00 0.0000000000000000e+00 0.0000000000000000e+00 1.8278800576816405e-05 3.5543265085831916e+02 4.3305149474485172e-01 6.5123722229169539e-02 2.0512154432565370e+02 1.5065361891375883e+02 0.0000000000000000e+00 -9.0250264028775948e+05 -9.0250264028775948e+05 0.0000000000000000e+00
-4.0308786768407448e-03 5.2258523570260455e-03 0.0000000000000000e+00 6.1075660949229960e-01 -7.9181839076992311e-01 0.0000000000000000e+00 5.2093493496050873e-07 1.0000285163127157e-06 1 1.9420926039816047e+03 2.2852836938606898e-02 2.9600000000000000e+02 0.0000000000000000e+00 0.0000000000000000e+00 0.0000000000000000e+00 1.8278800576816405e-05 3.5564908863683650e+02 4.4465840987436495e-01 6.6003769504299523e-02 2.0304118507520585e+02 1.5386993573172865e+02 0.0000000000000000e+00 -9.1998726060981303e+05 -9.1998726060981303e+05 0.0000000000000000e+00
-4.1093461980812596e-03 5.1643769797690905e-03 0.0000000000000000e+00 6.2264596689303997e-01 -7.8250367405644272e-01 0.0000000000000000e+00 5.1480680987581487e-07 1.0000285163163700e-06 1 1.9909296341309214e+03 2.3427508138260330e-02 2.9600000000000000e+02 0.0000000000000000e+00 0.0000000000000000e+00 0.0000000000000000e+00 1.8278800576816405e-05 3.5586447376863276e+02 4.5611611994637818e-01 6.6879827718661508e-02 2.0072255871923784e+02 1.5751745011670823e+02 0.0000000000000000e+00 -9.3734455999806290e+05 -9.3734455999806290e+05 0.0000000000000000e+00
-4.1868762920276650e-03 5.1017235009467206e-03 0.0000000000000000e+00 6.3439328580502130e-01 -7.7301045201569474e-01 0.0000000000000000e+00 5.0856124753033084e-07 1.0000285163217483e-06 1 2.0411758156205756e+03 2.4018760990990720e-02 2.9600000000000000e+02 0.0000000000000000e+00 0.0000000000000000e+00 0.0000000000000000e+00 1.8278800576816405e-05 3.5608619840017354e+02 4.6791873178828480e-01 6.7772605409863476e-02 1.9859758562646601e+02 1.6083705355202210e+02 0.0000000000000000e+00 -9.5518378398542851e+05 -9.5518378398542851e+05 0.0000000000000000e+00
-4.2634512725504350e-03 5.0379062130453799e-03 0.0000000000000000e+00 6.4599588643515571e-01 -7.6334089023768226e-01 0.0000000000000000e+00 5.0219967219293040e-07 1.0000285163127879e-06 1 2.0919396735022692e+03 2.4616105404005099e-02 2.9600000000000000e+02 0.0000000000000000e+00 0.0000000000000000e+00 0.0000000000000000e+00 1.8278800576816405e-05 3.5630560836779199e+02 4.7985131667934811e-01 6.8625332995124855e-02 1.9599973739108268e+02 1.6416875619726713e+02 0.0000000000000000e+00 -9.7281091292235185e+05 -9.7281091292235185e+05 0.0000000000000000e+00
-4.3390536713859449e-03 4.9729396740435493e-03 0.0000000000000000e+00 6.5745112200149947e-01 -7.5349719453954800e-01 0.0000000000000000e+00 4.9572353534266433e-07 1.0000285163173590e-06 1 2.1432173327816731e+03 2.5219495779779767e-02 2.9600000000000000e+02 0.0000000000000000e+00 0.0000000000000000e+00 0.0000000000000000e+00 1.8278800576816405e-05 3.5652467382141094e+02 4.9191569599280510e-01 6.9468945935874271e-02 1.9322927402693938e+02 1.6750659488395831e+02 0.0000000000000000e+00 -9.9037796453435463e+05 -9.9037796453435463e+05 0.0000000000000000e+00
-4.4136662421073751e-03 4.9068387041064053e-03 0.0000000000000000e+00 6.6875637933445287e-01 -7.4348161046489469e-01 0.0000000000000000e+00 4.8913431366286254e-07 1.0000285163110066e-06 1 2.1956346584439270e+03 2.5836296746768406e-02 2.9600000000000000e+02 0.0000000000000000e+00 0.0000000000000000e+00 0.0000000000000000e+00 1.8278800576816405e-05 3.5674442962604246e+02 5.0425725371824226e-01 7.0271073519902180e-02 1.9034379094229132e+02 1.7031795040877876e+02 0.0000000000000000e+00 -1.0079782077840696e+06 -1.0079782077840696e+06 0.0000000000000000e+00
-4.4872719638374102e-03 4.8396183824152197e-03 0.0000000000000000e+00 6.7990907943950940e-01 -7.3329642280302909e-01 0.0000000000000000e+00 4.8243350763894133e-07 1.0000285163133222e-06 1 2.2479025777402644e+03 2.6451339631103896e-02 2.9600000000000000e+02 0.0000000000000000e+00 0.0000000000000000e+00 0.0000000000000000e+00 1.8278800576816405e-05 3.5695996729949150e+02 5.1657320419207531e-01 7.1041202222469846e-02 1.8696119515125449e+02 1.7337687821542286e+02 0.0000000000000000e+00 -1.0252113519199649e+06 -1.0252113519199649e+06 0.0000000000000000e+00
-4.5598540454795900e-03 4.7712940434205906e-03 0.0000000000000000e+00 6.9090667813881590e-01 -7.2294395502223174e-01 0.0000000000000000e+00 4.7562264980618689e-07 1.0000285163157591e-06 1 2.3012312183531458e+03 2.7078864150575928e-02 2.9600000000000000e+02 0.0000000000000000e+00 0.0000000000000000e+00 0.0000000000000000e+00 1.8278800576816405e-05 3.5718134695484571e+02 5.2915621800930446e-01 7.1774012522757544e-02 1.8379328861106893e+02 1.7565662127881384e+02 0.0000000000000000e+00 -1.0428831825618250e+06 -1.0428831825618250e+06 0.0000000000000000e+00
-4.6313959297204794e-03 4.7018812731736796e-03 0.0000000000000000e+00 7.0174666667698538e-01 -7.1242656871269194e-01 0.0000000000000000e+00 4.6870329347701332e-07 1.0000285163118740e-06 1 2.3536518394391710e+03 2.7695703895211903e-02 2.9600000000000000e+02 0.0000000000000000e+00 0.0000000000000000e+00 0.0000000000000000e+00 1.8278800576816405e-05 3.5739875277824029e+02 5.4153948745228253e-01 7.2470626129337301e-02 1.8005852796200600e+02 1.7832840705711729e+02 0.0000000000000000e+00 -1.0602038866437669e+06 -1.0602038866437669e+06 0.0000000000000000e+00
-4.7018812962228247e-03 4.6313959063233705e-03 0.0000000000000000e+00 7.1242657220491457e-01 -7.0174666313161471e-01 0.0000000000000000e+00 4.6167701333570706e-07 1.0000285163210078e-06 1 2.4069207518235926e+03 2.8322525585445610e-02 2.9600000000000000e+02 0.0000000000000000e+00 0.0000000000000000e+00 0.0000000000000000e+00 1.8278800576816405e-05 3.5762508654282442e+02 5.5414656221305003e-01 7.3171275360489660e-02 1.7670756286153389e+02 1.8054050334291483e+02 0.0000000000000000e+00 -1.0782020330416122e+06 -1.0782020330416122e+06 0.0000000000000000e+00
-4.7712940657242747e-03 4.5598540221449754e-03 0.0000000000000000e+00 7.2294395840140480e-01 -6.9090667460295097e-01 0.0000000000000000e+00 4.5454541679584749e-07 1.0000285163186212e-06 1 2.4602024398463923e+03 2.8949497608150607e-02 2.9600000000000000e+02 0.0000000000000000e+00 0.0000000000000000e+00 0.0000000000000000e+00 1.8278800576816405e-05 3.5784976886502108e+02 5.6676948802664540e-01 7.3829805694745537e-02 1.7294071392151974e+02 1.8277425853968214e+02 0.0000000000000000e+00 -1.0960415927904458e+06 -1.0960415927904458e+06 0.0000000000000000e+00
-4.8396184039046896e-03 4.4872719406647103e-03 0.0000000000000000e+00 7.3329642605883316e-01 -6.7990907592805550e-01 0.0000000000000000e+00 4.4731012958867455e-07 1.0000285163206719e-06 1 2.5138342710780357e+03 2.9580589808050280e-02 2.9600000000000000e+02 0.0000000000000000e+00 0.0000000000000000e+00 0.0000000000000000e+00 1.8278800576816405e-05 3.5807729950942814e+02 5.7949315222538256e-01 7.4464892689995441e-02 1.6919070296876109e+02 1.8474388038734855e+02 0.0000000000000000e+00 -1.1140764919954792e+06 -1.1140764919954792e+06 0.0000000000000000e+00
-4.9068387247055553e-03 4.4136662192113749e-03 0.0000000000000000e+00 7.4348161358565312e-01 -6.6875637586498837e-01 0.0000000000000000e+00 4.3997280294298493e-07 1.0000285163184091e-06 1 2.5676608737781139e+03 3.0213973907213306e-02 2.9600000000000000e+02 0.0000000000000000e+00 0.0000000000000000e+00 0.0000000000000000e+00 1.8278800576816405e-05 3.5830484635108667e+02 5.9227748261280411e-01 7.5052997203768027e-02 1.6528342747976112e+02 1.8643102058525184e+02 0.0000000000000000e+00 -1.1320859179583590e+06 -1.1320859179583590e+06 0.0000000000000000e+00
-4.9729396937258554e-03 4.3390536488332743e-03 0.0000000000000000e+00 7.5349719752139621e-01 -6.5745111858403749e-01 0.0000000000000000e+00 4.3253510741435414e-07 1.0000285163137472e-06 1 2.6211705836197352e+03 3.0843629090048411e-02 2.9600000000000000e+02 0.0000000000000000e+00 0.0000000000000000e+00 0.0000000000000000e+00 1.8278800576816405e-05 3.5853273314678262e+02 6.0500501318969502e-01 7.5606700188359785e-02 1.6128669484127616e+02 1.8796411019474053e+02 0.0000000000000000e+00 -1.1500909714701595e+06 -1.1500909714701595e+06 0.0000000000000000e+00
-5.2258523737428904e-03 4.0308786551730806e-03 0.0000000000000000e+00 7.9181839330247183e-01 -6.1075660620896433e-01 0.0000000000000000e+00 4.0181492887889833e-07 1.0000285163134969e-06 1 2.8358483273139527e+03 3.3369767885352973e-02 2.9600000000000000e+02 0.0000000000000000e+00 0.0000000000000000e+00 0.0000000000000000e+00 1.8278800576816405e-05 3.5943486262265145e+02 6.5620279171130114e-01 7.7413754133153961e-02 1.4422657610461599e+02 1.9183154737483838e+02 0.0000000000000000e+00 -1.2211023162302417e+06 -1.2211023162302417e+06 0.0000000000000000e+00
-5.2861356248063499e-03 3.9514916071069399e-03 0.0000000000000000e+00 8.0095247968426420e-01 -5.9872792258890706e-01 0.0000000000000000e+00 3.9390129426419443e-07 1.0000285163188512e-06 1 2.8899633714116253e+03 3.4006546109086606e-02 2.9600000000000000e+02 0.0000000000000000e+00 0.0000000000000000e+00 0.0000000000000000e+00 1.8278800576816405e-05 3.5965425714048126e+02 6.6913295536212836e-01 7.7723294145555316e-02 1.3994101849273699e+02 1.9176187437391681e+02 0.0000000000000000e+00 -1.2383159150016760e+06 -1.2383159150016760e+06 0.0000000000000000e+00
-5.3452129985955745e-03 3.8712031417280747e-03 0.0000000000000000e+00 8.0990385217793059e-01 -5.8656265669351015e-01 0.0000000000000000e+00 3.8589780275675660e-07 1.0000285163179256e-06 1 2.9419526414772386e+03 3.4618310094455200e-02 2.9600000000000000e+02 0.0000000000000000e+00 0.0000000000000000e+00 0.0000000000000000e+00 1.8278800576816405e-05 3.5986371936236975e+02 6.8156709894425282e-01 7.7989555499280064e-02 1.3508243840742003e+02 1.9205118989178601e+02 0.0000000000000000e+00 -1.2547231691144879e+06 -1.2547231691144879e+06 0.0000000000000000e+00
-5.4030710183990199e-03 3.7900315744073803e-03 0.0000000000000000e+00 8.1867046879940253e-01 -5.7426358365803287e-01 0.0000000000000000e+00 3.7780628062228162e-07 1.0000285163141216e-06 1 2.9954882995686730e+03 3.5248270613462543e-02 2.9600000000000000e+02 0.0000000000000000e+00 0.0000000000000000e+00 0.0000000000000000e+00 1.8278800576816405e-05 3.6007897116473146e+02 6.9438489129207048e-01 7.8254675071634236e-02 1.3068356057810541e+02 1.9190238005326663e+02 0.0000000000000000e+00 -1.2715608610447892e+06 -1.2715608610447892e+06 0.0000000000000000e+00
-5.4596964855335248e-03 3.7079954221559551e-03 0.0000000000000000e+00 8.2725032969088186e-01 -5.6183350917004526e-01 0.0000000000000000e+00 3.6962857146527346e-07 1.0000285163222360e-06 1 3.0483774292883390e+03 3.5870623355463815e-02 2.9600000000000000e+02 0.0000000000000000e+00 0.0000000000000000e+00 0.0000000000000000e+00 1.8278800576816405e-05 3.6028945870006402e+02 7.0705820970684863e-01 7.8384070461988656e-02 1.2608314692421744e+02 1.9104611213281942e+02 0.0000000000000000e+00 -1.2880121194350710e+06 -1.2880121194350710e+06 0.0000000000000000e+00
-5.5150764824516453e-03 3.6251133992733853e-03 0.0000000000000000e+00 8.3564147759254337e-01 -5.4927526881059474e-01 0.0000000000000000e+00 3.6136654256679614e-07 1.0000285163107851e-06 1 3.0991587532861390e+03 3.6468173294364303e-02 2.9600000000000000e+02 0.0000000000000000e+00 0.0000000000000000e+00 0.0000000000000000e+00 1.8278800576816405e-05 3.6049217759152481e+02 7.1924117984929348e-01 7.8473565127321204e-02 1.2117147885114164e+02 1.9037323491857907e+02 0.0000000000000000e+00 -1.3038322664553504e+06 -1.3038322664553504e+06 0.0000000000000000e+00
-5.5691983758655254e-03 3.5414044128200747e-03 0.0000000000000000e+00 8.4384199831539608e-01 -5.3659172736735217e-01 0.0000000000000000e+00 3.5302207876530214e-07 1.0000285163076729e-06 1 3.1505689352628729e+03 3.7073123080635942e-02 2.9600000000000000e+02 0.0000000000000000e+00 0.0000000000000000e+00 0.0000000000000000e+00 1.8278800576816405e-05 3.6070198488465780e+02 7.3159780669856289e-01 7.8578600129141432e-02 1.1656802128301447e+02 1.8961106431326255e+02 0.0000000000000000e+00 -1.3201798972956841e+06 -1.3201798972956841e+06 0.0000000000000000e+00
-5.6220498195005599e-03 3.4568875584743649e-03 0.0000000000000000e+00 8.5185002115840669e-01 -5.2378577820748606e-01 0.0000000000000000e+00 3.4459708368925565e-07 1.0000285163152704e-06 1 3.2017894515343919e+03 3.7675841047773301e-02 2.9600000000000000e+02 0.0000000000000000e+00 0.0000000000000000e+00 0.0000000000000000e+00 1.8278800576816405e-05 3.6091300128474393e+02 7.4392674550269056e-01 7.8585785168425543e-02 1.1201275813744581e+02 1.8825191321781142e+02 0.0000000000000000e+00 -1.3366039613348146e+06 -1.3366039613348146e+06 0.0000000000000000e+00
-5.6736187568083643e-03 3.3715821163487550e-03 0.0000000000000000e+00 8.5966371931945817e-01 -5.1086034264350144e-01 0.0000000000000000e+00 3.3609347798717582e-07 1.0000285163087889e-06 1 3.2513547459234396e+03 3.8259081820208513e-02 2.9600000000000000e+02 0.0000000000000000e+00 0.0000000000000000e+00 0.0000000000000000e+00 1.8278800576816405e-05 3.6111452639140742e+02 7.5586492299501129e-01 7.8528966952219906e-02 1.0709181187218400e+02 1.8689748573436944e+02 0.0000000000000000e+00 -1.3522708443539988e+06 -1.3522708443539988e+06 0.0000000000000000e+00
-5.7238934238589643e-03 3.2855075463599200e-03 0.0000000000000000e+00 8.6728131033456346e-01 -4.9781836923155282e-01 0.0000000000000000e+00 3.2751320346349201e-07 1.0000285163162836e-06 1 3.3010427515869660e+03 3.8843766550949552e-02 2.9600000000000000e+02 0.0000000000000000e+00 0.0000000000000000e+00 0.0000000000000000e+00 1.8278800576816405e-05 3.6131888440343897e+02 7.6785052516680752e-01 7.8439901305562859e-02 1.0249373675535418e+02 1.8521388751451943e+02 0.0000000000000000e+00 -1.3681370835175642e+06 -1.3681370835175642e+06 0.0000000000000000e+00
-5.7728623519863395e-03 3.1986834838580698e-03 0.0000000000000000e+00 8.7470105647703589e-01 -4.8466283310973746e-01 0.0000000000000000e+00 3.1885821568680695e-07 1.0000285163177166e-06 1 3.3498024533216799e+03 3.9417527817860322e-02 2.9600000000000000e+02 0.0000000000000000e+00 0.0000000000000000e+00 0.0000000000000000e+00 1.8278800576816405e-05 3.6151923414836256e+02 7.7962450391204197e-01 7.8273352140400973e-02 9.7723841738632089e+01 1.8329161893860163e+02 0.0000000000000000e+00 -1.3836752535119085e+06 -1.3836752535119085e+06 0.0000000000000000e+00
-5.8205143704065498e-03 3.1111297351222350e-03 0.0000000000000000e+00 8.8192126515597680e-01 -4.7139673531504356e-01 0.0000000000000000e+00 3.1013049101968660e-07 1.0000285163071685e-06 1 3.3978351879049601e+03 3.9982734774983097e-02 2.9600000000000000e+02 0.0000000000000000e+00 0.0000000000000000e+00 0.0000000000000000e+00 1.8278800576816405e-05 3.6171739789913016e+02 7.9123699274506154e-01 7.8042136529238734e-02 9.3058053281537752e+01 1.8105647594173237e+02 0.0000000000000000e+00 -1.3990261999666754e+06 -1.3990261999666754e+06 0.0000000000000000e+00
-5.8668386086804499e-03 3.0228662730223451e-03 0.0000000000000000e+00 8.8894028928785884e-01 -4.5802310212566560e-01 0.0000000000000000e+00 3.0133201753811259e-07 1.0000285163151931e-06 1 3.4448942428812584e+03 4.0536484327220450e-02 2.9600000000000000e+02 0.0000000000000000e+00 0.0000000000000000e+00 0.0000000000000000e+00 1.8278800576816405e-05 3.6191171188205675e+02 8.0262633902887792e-01 7.7749570952385216e-02 8.8327347578363785e+01 1.7864454708204823e+02 0.0000000000000000e+00 -1.4140623855756931e+06 -1.4140623855756931e+06 0.0000000000000000e+00
-5.9118244991933000e-03 2.9339132324628400e-03 0.0000000000000000e+00 8.9575652767330849e-01 -4.4454498437239981e-01 0.0000000000000000e+00 2.9246480433416214e-07 1.0000285163117285e-06 1 3.4911172962943974e+03 4.1080396548650741e-02 2.9600000000000000e+02 0.0000000000000000e+00 0.0000000000000000e+00 0.0000000000000000e+00 1.8278800576816405e-05 3.6210783501475930e+02 8.1383664035355374e-01 7.7396037092199804e-02 8.3793104364715006e+01 1.7592899819618134e+02 0.0000000000000000e+00 -1.4292192846165304e+06 -1.4292192846165304e+06 0.0000000000000000e+00
-5.9554617797321248e-03 2.8442909054880198e-03 0.0000000000000000e+00 9.0236842538740203e-01 -4.3096545669445557e-01 0.0000000000000000e+00 2.8353087350403838e-07 1.0000285163101640e-06 1 3.5361364953312773e+03 4.1610142871038903e-02 2.9600000000000000e+02 0.0000000000000000e+00 0.0000000000000000e+00 0.0000000000000000e+00 1.8278800576816405e-05 3.6230318834498172e+02 8.2477607125186869e-01 7.6990276777541486e-02 7.9174500951682944e+01 1.7312686833949604e+02 0.0000000000000000e+00 -1.4442975877286755e+06 -1.4442975877286755e+06 0.0000000000000000e+00
-5.9977404958103352e-03 2.7540197366381853e-03 0.0000000000000000e+00 9.0877447413172063e-01 -4.1728761683833210e-01 0.0000000000000000e+00 2.7453226482404507e-07 1.0000285163186092e-06 1 3.5807713421191220e+03 4.2135366474347569e-02 2.9600000000000000e+02 0.0000000000000000e+00 0.0000000000000000e+00 0.0000000000000000e+00 1.8278800576816405e-05 3.6249942277667259e+02 8.3563916137750249e-01 7.6493498869443372e-02 7.4882700979997466e+01 1.6980220875342579e+02 0.0000000000000000e+00 -1.4594283446384883e+06 -1.4594283446384883e+06 0.0000000000000000e+00
-6.0386510027735357e-03 2.6631203186465000e-03 0.0000000000000000e+00 9.1497321255283337e-01 -4.0351458500374893e-01 0.0000000000000000e+00 2.6547102818610805e-07 1.0000285163211594e-06 1 3.6233486782396158e+03 4.2636379102502925e-02 2.9600000000000000e+02 0.0000000000000000e+00 0.0000000000000000e+00 0.0000000000000000e+00 1.8278800576816405e-05 3.6268148866986911e+02 8.4600006107666481e-01 7.5914316154659670e-02 7.0259935646262988e+01 1.6640885751693872e+02 0.0000000000000000e+00 -1.4734554929378901e+06 -1.4734554929378901e+06 0.0000000000000000e+00
-6.0781839680066202e-03 2.5716133877307246e-03 0.0000000000000000e+00 9.2096322657816232e-01 -3.8964950313164814e-01 0.0000000000000000e+00 2.5634923249957851e-07 1.0000285163131704e-06 1 3.6652300384960649e+03 4.3129202099071395e-02 2.9600000000000000e+02 0.0000000000000000e+00 0.0000000000000000e+00 0.0000000000000000e+00 1.8278800576816405e-05 3.6286317183608236e+02 8.5620745666174058e-01 7.5293172825619731e-02 6.6100398982799248e+01 1.6274771461750004e+02 0.0000000000000000e+00 -1.4874361369220309e+06 -1.4874361369220309e+06 0.0000000000000000e+00
-6.1163303732617805e-03 2.4795198184334247e-03 0.0000000000000000e+00 9.2674314976759042e-01 -3.7569553412150852e-01 0.0000000000000000e+00 2.4716895838508615e-07 1.0000285163100186e-06 1 3.7057624323795471e+03 4.3606151646302861e-02 2.9600000000000000e+02 0.0000000000000000e+00 0.0000000000000000e+00 0.0000000000000000e+00 1.8278800576816405e-05 3.6303490277446571e+02 8.6608562666731836e-01 7.4617832766357875e-02 6.1711526847161892e+01 1.5908485228137542e+02 0.0000000000000000e+00 -1.5006397347405348e+06 -1.5006397347405348e+06 0.0000000000000000e+00
-6.1530815165826303e-03 2.3868606191339847e-03 0.0000000000000000e+00 9.3231166360522044e-01 -3.6165586115209891e-01 0.0000000000000000e+00 2.3793230014974274e-07 1.0000285163104414e-06 1 3.7460907124002715e+03 4.4080699361194846e-02 2.9600000000000000e+02 0.0000000000000000e+00 0.0000000000000000e+00 0.0000000000000000e+00 1.8278800576816405e-05 3.6320707529057137e+02 8.7592609715380432e-01 7.3853830644828380e-02 5.7784549020095099e+01 1.5493414400030517e+02 0.0000000000000000e+00 -1.5138655243568665e+06 -1.5138655243568665e+06 0.0000000000000000e+00
-6.1884290142672042e-03 2.2936569273236552e-03 0.0000000000000000e+00 9.3766749779692282e-01 -3.4753368696467030e-01 0.0000000000000000e+00 2.2864136432502572e-07 1.0000285163244569e-06 1 3.7841966397261244e+03 4.4529096384996275e-02 2.9600000000000000e+02 0.0000000000000000e+00 0.0000000000000000e+00 0.0000000000000000e+00 1.8278800576816405e-05 3.6336912357329498e+02 8.8523095742951985e-01 7.3002918100329203e-02 5.3503281663593199e+01 1.5072952526801117e+02 0.0000000000000000e+00 -1.5263031970597715e+06 -1.5263031970597715e+06 0.0000000000000000e+00
-6.2223648027553546e-03 2.1999300048701747e-03 0.0000000000000000e+00 9.4280943055606992e-01 -3.3333223314665966e-01 0.0000000000000000e+00 2.1929827013079074e-07 1.0000285163084206e-06 1 3.8224826378145840e+03 4.4979612323089863e-02 2.9600000000000000e+02 0.0000000000000000e+00 0.0000000000000000e+00 0.0000000000000000e+00 1.8278800576816405e-05 3.6353061167526590e+02 8.9458453225404211e-01 7.2065137703862289e-02 4.9661826744050785e+01 1.4608945664638719e+02 0.0000000000000000e+00 -1.5386900981916639e+06 -1.5386900981916639e+06 0.0000000000000000e+00
-6.2548811406125003e-03 2.1057012327728797e-03 0.0000000000000000e+00 9.4773628890516604e-01 -3.1905473933521722e-01 0.0000000000000000e+00 2.0990515028352275e-07 1.0000285163188072e-06 1 3.8578653170723505e+03 4.5395964559780851e-02 2.9600000000000000e+02 0.0000000000000000e+00 0.0000000000000000e+00 0.0000000000000000e+00 1.8278800576816405e-05 3.6368610592082433e+02 9.0325140902590328e-01 7.1022557031788947e-02 4.5701631049266901e+01 1.4128528244110109e+02 0.0000000000000000e+00 -1.5506048056492025e+06 -1.5506048056492025e+06 0.0000000000000000e+00
-6.2859706102359105e-03 2.0109921064339850e-03 0.0000000000000000e+00 9.5244694893252313e-01 -3.0470446250281230e-01 0.0000000000000000e+00 2.0046414652534157e-07 1.0000285163167989e-06 1 3.8924847133417252e+03 4.5803335153868405e-02 2.9600000000000000e+02 0.0000000000000000e+00 0.0000000000000000e+00 0.0000000000000000e+00 1.8278800576816405e-05 3.6384320816819945e+02 9.1175061340574270e-01 6.9981425330691932e-02 4.1877500726580784e+01 1.3661466836442676e+02 0.0000000000000000e+00 -1.5626284404746001e+06 -1.5626284404746001e+06 0.0000000000000000e+00
-6.3156261194744455e-03 1.9158242309496348e-03 0.0000000000000000e+00 9.5694033603932904e-01 -2.9028467624202314e-01 0.0000000000000000e+00 1.9097741295243923e-07 1.0000285163122723e-06 1 3.9268328158715030e+03 4.6207513401936642e-02 2.9600000000000000e+02 0.0000000000000000e+00 0.0000000000000000e+00 0.0000000000000000e+00 1.8278800576816405e-05 3.6400634127155814e+02 9.2020849297375351e-01 6.8812391835006745e-02 3.8504535735012908e+01 1.3142213570331862e+02 0.0000000000000000e+00 -1.5751014284778419e+06 -1.5751014284778419e+06 0.0000000000000000e+00
-6.3438409032583257e-03 1.8202193161916801e-03 0.0000000000000000e+00 9.6121542518552405e-01 -2.7579867002110864e-01 0.0000000000000000e+00 1.8144711281961759e-07 1.0000285163122359e-06 1 3.9584569629682451e+03 4.6579638539246113e-02 2.9600000000000000e+02 0.0000000000000000e+00 0.0000000000000000e+00 0.0000000000000000e+00 1.8278800576816405e-05 3.6414955774782629e+02 9.2798421839737977e-01 6.7524317902599870e-02 3.4751868592071062e+01 1.2611369528045870e+02 0.0000000000000000e+00 -1.5860482570790132e+06 -1.5860482570790132e+06 0.0000000000000000e+00
-6.3706085251770701e-03 1.7241991717420950e-03 0.0000000000000000e+00 9.6527124112982698e-01 -2.6124974841649773e-01 0.0000000000000000e+00 1.7187542105110842e-07 1.0000285163125700e-06 1 3.9893373396472471e+03 4.6943011640714696e-02 2.9600000000000000e+02 0.0000000000000000e+00 0.0000000000000000e+00 0.0000000000000000e+00 1.8278800576816405e-05 3.6429458380385427e+02 9.3559599144191574e-01 6.6180063712867679e-02 3.1581043259328123e+01 1.2061912680486745e+02 0.0000000000000000e+00 -1.5971210841247600e+06 -1.5971210841247600e+06 0.0000000000000000e+00
-6.3959228790200348e-03 1.6277857016567848e-03 0.0000000000000000e+00 9.6910685866245427e-01 -2.4664123031924282e-01 0.0000000000000000e+00 1.6226452123612940e-07 1.0000285163142489e-06 1 4.0185313723067284e+03 4.7286541329556356e-02 2.9600000000000000e+02 0.0000000000000000e+00 0.0000000000000000e+00 0.0000000000000000e+00 1.8278800576816405e-05 3.6443226294441553e+02 9.4279887815328323e-01 6.4745651115316757e-02 2.8179878175698040e+01 1.1507134909133445e+02 0.0000000000000000e+00 -1.6076259741479491e+06 -1.6076259741479491e+06 0.0000000000000000e+00
-6.4197781901182997e-03 1.5310008995912600e-03 0.0000000000000000e+00 9.7272140280876662e-01 -2.3197644819624538e-01 0.0000000000000000e+00 1.5261660601151162e-07 1.0000285163166083e-06 1 4.0471872056170114e+03 4.7623737962012094e-02 2.9600000000000000e+02 0.0000000000000000e+00 0.0000000000000000e+00 0.0000000000000000e+00 1.8278800576816405e-05 3.6457079025594351e+02 9.4988283380282978e-01 6.3163306283453749e-02 2.5370224220633101e+01 1.0904077125104988e+02 0.0000000000000000e+00 -1.6181874930767263e+06 -1.6181874930767263e+06 0.0000000000000000e+00
-6.4421690165315897e-03 1.4338668443485501e-03 0.0000000000000000e+00 9.7611404900816467e-01 -2.1725874741626927e-01 0.0000000000000000e+00 1.4293387463328484e-07 1.0000285163181827e-06 1 4.0727067652746259e+03 4.7924029685694515e-02 2.9600000000000000e+02 0.0000000000000000e+00 0.0000000000000000e+00 0.0000000000000000e+00 1.8278800576816405e-05 3.6468687973414518e+02 9.5617670120957099e-01 6.1466031202842851e-02 2.2133786836831597e+01 1.0300187829282227e+02 0.0000000000000000e+00 -1.6270377105317896e+06 -1.6270377105317896e+06 0.0000000000000000e+00
-6.4630902503792350e-03 1.3364056945188601e-03 0.0000000000000000e+00 9.7928402331778641e-01 -2.0249148543711476e-01 0.0000000000000000e+00 1.3321853730641037e-07 1.0000285163160327e-06 1 4.0981605266131473e+03 4.8223547152653035e-02 2.9600000000000000e+02 0.0000000000000000e+00 0.0000000000000000e+00 0.0000000000000000e+00 1.8278800576816405e-05 3.6480266189902835e+02 9.6245811943923587e-01 5.9679341705119605e-02 1.9622614775072570e+01 9.6730288129264949e+01 0.0000000000000000e+00 -1.6358575241199690e+06 -1.6358575241199690e+06 0.0000000000000000e+00
-6.5005051865507195e-03 1.1405911118867200e-03 0.0000000000000000e+00 9.8495311469775648e-01 -1.7282176323365139e-01 0.0000000000000000e+00 1.1369891662948816e-07 1.0000285163221642e-06 1 4.1431377474802939e+03 4.8752799512875887e-02 2.9600000000000000e+02 0.0000000000000000e+00 0.0000000000000000e+00 0.0000000000000000e+00 1.8278800576816405e-05 3.6499955234139952e+02 9.7354623262227424e-01 5.5612395072485415e-02 1.4573479637993820e+01 8.3514237702652409e+01 0.0000000000000000e+00 -1.6508520758251299e+06 -1.6508520758251299e+06 0.0000000000000000e+00
-6.5169903537985697e-03 1.0422823482040501e-03 0.0000000000000000e+00 9.8745093853782939e-01 -1.5792607125094849e-01 0.0000000000000000e+00 1.0389908594890475e-07 1.0000285163151349e-06 1 4.1623544146928198e+03 4.8978924344107409e-02 2.9600000000000000e+02 0.0000000000000000e+00 0.0000000000000000e+00 0.0000000000000000e+00 1.8278800576816405e-05 3.6507719196298393e+02 9.7826977172337248e-01 5.3364207220513757e-02 1.2042764036029327e+01 7.6761155633875219e+01 0.0000000000000000e+00 -1.6567657643967157e+06 -1.6567657643967157e+06 0.0000000000000000e+00
-6.5319888602275254e-03 9.4373581830633504e-04 0.0000000000000000e+00 9.8972350431517142e-01 -1.4299435305667529e-01 0.0000000000000000e+00 9.4075553406096177e-08 1.0000285163208350e-06 1 4.1809905266966925e+03 4.9198217712467386e-02 2.9600000000000000e+02 0.0000000000000000e+00 0.0000000000000000e+00 0.0000000000000000e+00 1.8278800576816405e-05 3.6515595233427325e+02 9.8286177272832465e-01 5.0966031394982202e-02 1.0247875431026369e+01 6.9809274490852630e+01 0.0000000000000000e+00 -1.6627590117285659e+06 -1.6627590117285659e+06 0.0000000000000000e+00
-6.5454972843564099e-03 8.4497400278058009e-04 0.0000000000000000e+00 9.9177029360898450e-01 -1.2803001489786925e-01 0.0000000000000000e+00 8.4230560461838415e-08 1.0000285163070029e-06 1 4.1965022845265312e+03 4.9380746429990796e-02 2.9600000000000000e+02 0.0000000000000000e+00 0.0000000000000000e+00 0.0000000000000000e+00 1.8278800576816405e-05 3.6522214457655701e+02 9.8668708190697141e-01 4.8426259700614302e-02 8.0416173869046332e+00 6.2953542083755067e+01 0.0000000000000000e+00 -1.6677953676844256e+06 -1.6677953676844256e+06 0.0000000000000000e+00
-6.5575125446529943e-03 7.4601943111913009e-04 0.0000000000000000e+00 9.9359083950714688e-01 -1.1303647043093215e-01 0.0000000000000000e+00 7.4366352853497951e-08 1.0000285163111218e-06 1 4.2122819730900492e+03 4.9566427920638957e-02 2.9600000000000000e+02 0.0000000000000000e+00 0.0000000000000000e+00 0.0000000000000000e+00 1.8278800576816405e-05 3.6530417383521308e+02 9.9061966704073123e-01 4.5697384853814901e-02 6.7000398530856131e+00 5.5902163223753270e+01 0.0000000000000000e+00 -1.6740237355435784e+06 -1.6740237355435784e+06 0.0000000000000000e+00
-6.5680319001958747e-03 6.4689467681318500e-04 0.0000000000000000e+00 9.9518472670666558e-01 -9.8017139979594006e-02 0.0000000000000000e+00 6.4485180778476922e-08 1.0000285163176294e-06 1 4.2244498221027179e+03 4.9709608461468997e-02 2.9600000000000000e+02 0.0000000000000000e+00 0.0000000000000000e+00 0.0000000000000000e+00 1.8278800576816405e-05 3.6536866071634887e+02 9.9365660863963945e-01 4.2696694116461271e-02 4.9300310876822779e+00 4.8760734931855517e+01 0.0000000000000000e+00 -1.6789207249531234e+06 -1.6789207249531234e+06 0.0000000000000000e+00
-6.5770529512878696e-03 5.4762235239605504e-04 0.0000000000000000e+00 9.9655159160642892e-01 -8.2975449783012648e-02 0.0000000000000000e+00 5.4589298070505595e-08 1.0000285163190327e-06 1 4.2361864027938354e+03 4.9847714216159078e-02 2.9600000000000000e+02 0.0000000000000000e+00 0.0000000000000000e+00 0.0000000000000000e+00 1.8278800576816405e-05 3.6543994295820357e+02 9.9661163358741500e-01 3.9520516063041723e-02 3.8202588871208083e+00 4.1698027477666301e+01 0.0000000000000000e+00 -1.6843251568902051e+06 -1.6843251568902051e+06 0.0000000000000000e+00
-6.5845736400312951e-03 4.4822510404283003e-04 0.0000000000000000e+00 9.9769112239517277e-01 -6.7914831177441223e-02 0.0000000000000000e+00 4.4680962520650264e-08 1.0000285163131242e-06 1 4.2457600316875496e+03 4.9960368257253848e-02 2.9600000000000000e+02 0.0000000000000000e+00 0.0000000000000000e+00 0.0000000000000000e+00 1.8278800576816405e-05 3.6550781235079859e+02 9.9904944872547718e-01 3.6000650786136033e-02 2.5809151078310690e+00 3.4571547899216050e+01 0.0000000000000000e+00 -1.6894632883047501e+06 -1.6894632883047501e+06 0.0000000000000000e+00
-6.5905922508100404e-03 3.4872560624634499e-04 0.0000000000000000e+00 9.9860305912355896e-01 -5.2838719790223913e-02 0.0000000000000000e+00 3.4762434325860506e-08 1.0000285163219230e-06 1 4.2548074230781949e+03 5.0066829998442856e-02 2.9600000000000000e+02 0.0000000000000000e+00 0.0000000000000000e+00 0.0000000000000000e+00 1.8278800576816405e-05 3.6557792049168319e+02 1.0013703833083407e+00 3.1963486239481351e-02 1.9204525545580258e+00 2.7202523860808096e+01 0.0000000000000000e+00 -1.6947709283533315e+06 -1.6947709283533315e+06 0.0000000000000000e+00
-6.5951074106570303e-03 2.4914655682704997e-04 0.0000000000000000e+00 9.9928719376041397e-01 -3.7750554783169764e-02 0.0000000000000000e+00 2.4835976127352880e-08 1.0000285163150036e-06 1 4.2606549338585437e+03 5.0135638360148206e-02 2.9600000000000000e+02 0.0000000000000000e+00 0.0000000000000000e+00 0.0000000000000000e+00 1.8278800576816405e-05 3.6563148115845854e+02 1.0028935089455140e+00 2.7200675196397694e-02 1.0135463718294022e+00 1.9695596816573836e+01 0.0000000000000000e+00 -1.6988179055808433e+06 -1.6988179055808433e+06 0.0000000000000000e+00
-6.5981180895677847e-03 1.4951067187564499e-04 0.0000000000000000e+00 9.9974337023979210e-01 -2.2653778086268072e-02 0.0000000000000000e+00 1.4903852261097543e-08 1.0000285163112008e-06 1 4.2659553409919554e+03 5.0198008887526638e-02 2.9600000000000000e+02 0.0000000000000000e+00 0.0000000000000000e+00 0.0000000000000000e+00 1.8278800576816405e-05 3.6569824901866923e+02 1.0043245102656593e+00 2.1421618071472543e-02 6.5053535409294883e-01 1.2199219572771542e+01 0.0000000000000000e+00 -1.7038625244291897e+06 -1.7038625244291897e+06 0.0000000000000000e+00
-6.5996236007408648e-03 4.9840680511989997e-05 0.0000000000000000e+00 9.9997148449804407e-01 -7.5518336036923452e-03 0.0000000000000000e+00 4.9683285421787814e-09 1.0000000000001327e-06 1 4.2691673878423680e+03 5.0235805428619044e-02 2.9600000000000000e+02 0.0000000000000000e+00 0.0000000000000000e+00 0.0000000000000000e+00 1.8278800576816405e-05 3.6574283165848215e+02 1.0051745819369393e+00 1.2416259004804867e-02 3.2899972809753825e-01 4.0881017337185099e+00 0.0000000000000000e+00 -1.7072493984290904e+06 -1.7072493984290904e+06 0.0000000000000000e+00
