29 25 1
0.000000000000000000e+00 0.000000000000000000e+00 0.000000000000000000e+00
1.624726554019999963e-02 0.000000000000000000e+00 0.000000000000000000e+00
3.307715158840000141e-02 0.000000000000000000e+00 0.000000000000000000e+00
5.058283026209999672e-02 0.000000000000000000e+00 0.000000000000000000e+00
6.886997564640000291e-02 0.000000000000000000e+00 0.000000000000000000e+00
8.805956585650000223e-02 0.000000000000000000e+00 0.000000000000000000e+00
1.082913833170000006e-01 0.000000000000000000e+00 0.000000000000000000e+00
1.297284369870000120e-01 0.000000000000000000e+00 0.000000000000000000e+00
1.525626141330000130e-01 0.000000000000000000e+00 0.000000000000000000e+00
1.770219906140000077e-01 0.000000000000000000e+00 0.000000000000000000e+00
2.033804069019999883e-01 0.000000000000000000e+00 0.000000000000000000e+00
2.319701836539999895e-01 0.000000000000000000e+00 0.000000000000000000e+00
2.631992566979999837e-01 0.000000000000000000e+00 0.000000000000000000e+00
2.975746430189999958e-01 0.000000000000000000e+00 0.000000000000000000e+00
3.357351552200000255e-01 0.000000000000000000e+00 0.000000000000000000e+00
3.784979252510000114e-01 0.000000000000000000e+00 0.000000000000000000e+00
4.269260622259999916e-01 0.000000000000000000e+00 0.000000000000000000e+00
4.824295720830000245e-01 0.000000000000000000e+00 0.000000000000000000e+00
5.469203295140000476e-01 0.000000000000000000e+00 0.000000000000000000e+00
6.230581989500000306e-01 0.000000000000000000e+00 0.000000000000000000e+00
7.146576599530000129e-01 0.000000000000000000e+00 0.000000000000000000e+00
8.273919576770000228e-01 0.000000000000000000e+00 0.000000000000000000e+00
9.700840484089999771e-01 0.000000000000000000e+00 0.000000000000000000e+00
1.140830626210000087e+00 0.000000000000000000e+00 0.000000000000000000e+00
1.312664500969999981e+00 0.000000000000000000e+00 0.000000000000000000e+00
1.484498375720000096e+00 0.000000000000000000e+00 0.000000000000000000e+00
1.656332250479999990e+00 0.000000000000000000e+00 0.000000000000000000e+00
1.828166125240000106e+00 0.000000000000000000e+00 0.000000000000000000e+00
2.000000000000000000e+00 0.000000000000000000e+00 0.000000000000000000e+00
2.250930622499999970e-33 8.320033517819999357e-06 0.000000000000000000e+00
1.624726554019999963e-02 8.320033517819999357e-06 0.000000000000000000e+00
3.307715158840000141e-02 8.320033517809999286e-06 0.000000000000000000e+00
5.058283026209999672e-02 8.320033517809999286e-06 0.000000000000000000e+00
6.886997564640000291e-02 8.320033517799999215e-06 0.000000000000000000e+00
8.805956585650000223e-02 8.320033517799999215e-06 0.000000000000000000e+00
1.082913833170000006e-01 8.320033517790000838e-06 0.000000000000000000e+00
1.297284369870000120e-01 8.320033517780000767e-06 0.000000000000000000e+00
1.525626141330000130e-01 8.320033517780000767e-06 0.000000000000000000e+00
1.770219906140000077e-01 8.320033517770000696e-06 0.000000000000000000e+00
2.033804069019999883e-01 8.320033517760000625e-06 0.000000000000000000e+00
2.319701836539999895e-01 8.320033517760000625e-06 0.000000000000000000e+00
2.631992566979999837e-01 8.320033517750000554e-06 0.000000000000000000e+00
2.975746430189999958e-01 8.320033517740000483e-06 0.000000000000000000e+00
3.357351552200000255e-01 8.320033517730000412e-06 0.000000000000000000e+00
3.784979252510000114e-01 8.320033517710000270e-06 0.000000000000000000e+00
4.269260622259999916e-01 8.320033517700000200e-06 0.000000000000000000e+00
4.824295720830000245e-01 8.320033517680000058e-06 0.000000000000000000e+00
5.469203295140000476e-01 8.320033517669999987e-06 0.000000000000000000e+00
6.230581989500000306e-01 8.320033517639999774e-06 0.000000000000000000e+00
7.146576599530000129e-01 8.320033517619999632e-06 0.000000000000000000e+00
8.273919576770000228e-01 8.320033517589999419e-06 0.000000000000000000e+00
9.700840484089999771e-01 8.320033517540000758e-06 0.000000000000000000e+00
1.140830626210000087e+00 8.320033517500000474e-06 0.000000000000000000e+00
1.312664500969999981e+00 8.320033517450000119e-06 0.000000000000000000e+00
1.484498375720000096e+00 8.320033517399999764e-06 0.000000000000000000e+00
1.656332250479999990e+00 8.320033517349999409e-06 0.000000000000000000e+00
1.828166125240000106e+00 8.320033517300000749e-06 0.000000000000000000e+00
2.000000000000000000e+00 8.320033517250000394e-06 0.000000000000000000e+00
-6.728717743200000031e-33 1.866104102030000030e-05 0.000000000000000000e+00
1.624726554019999963e-02 1.866104102030000030e-05 0.000000000000000000e+00
3.307715158840000141e-02 1.866104102030000030e-05 0.000000000000000000e+00
5.058283026209999672e-02 1.866104102030000030e-05 0.000000000000000000e+00
6.886997564640000291e-02 1.866104102019999959e-05 0.000000000000000000e+00
8.805956585650000223e-02 1.866104102019999959e-05 0.000000000000000000e+00
1.082913833170000006e-01 1.866104102019999959e-05 0.000000000000000000e+00
1.297284369870000120e-01 1.866104102019999959e-05 0.000000000000000000e+00
1.525626141330000130e-01 1.866104102019999959e-05 0.000000000000000000e+00
1.770219906140000077e-01 1.866104102019999959e-05 0.000000000000000000e+00
2.033804069019999883e-01 1.866104102019999959e-05 0.000000000000000000e+00
2.319701836539999895e-01 1.866104102019999959e-05 0.000000000000000000e+00
2.631992566979999837e-01 1.866104102019999959e-05 0.000000000000000000e+00
2.975746430189999958e-01 1.866104102009999888e-05 0.000000000000000000e+00
3.357351552200000255e-01 1.866104102009999888e-05 0.000000000000000000e+00
3.784979252510000114e-01 1.866104102009999888e-05 0.000000000000000000e+00
4.269260622259999916e-01 1.866104102009999888e-05 0.000000000000000000e+00
4.824295720830000245e-01 1.866104102009999888e-05 0.000000000000000000e+00
5.469203295140000476e-01 1.866104102000000156e-05 0.000000000000000000e+00
6.230581989500000306e-01 1.866104102000000156e-05 0.000000000000000000e+00
7.146576599530000129e-01 1.866104101990000085e-05 0.000000000000000000e+00
8.273919576770000228e-01 1.866104101990000085e-05 0.000000000000000000e+00
9.700840484089999771e-01 1.866104101980000014e-05 0.000000000000000000e+00
1.140830626210000087e+00 1.866104101969999943e-05 0.000000000000000000e+00
1.312664500969999981e+00 1.866104101969999943e-05 0.000000000000000000e+00
1.484498375720000096e+00 1.866104101959999872e-05 0.000000000000000000e+00
1.656332250479999990e+00 1.866104101950000140e-05 0.000000000000000000e+00
1.828166125240000106e+00 1.866104101940000069e-05 0.000000000000000000e+00
2.000000000000000000e+00 1.866104101929999998e-05 0.000000000000000000e+00
6.728717743200000031e-33 3.353490026490000284e-05 0.000000000000000000e+00
1.624726554019999963e-02 3.353490026479999874e-05 0.000000000000000000e+00
3.307715158840000141e-02 3.353490026479999874e-05 0.000000000000000000e+00
5.058283026209999672e-02 3.353490026479999874e-05 0.000000000000000000e+00
6.886997564640000291e-02 3.353490026479999874e-05 0.000000000000000000e+00
8.805956585650000223e-02 3.353490026479999874e-05 0.000000000000000000e+00
1.082913833170000006e-01 3.353490026479999874e-05 0.000000000000000000e+00
1.297284369870000120e-01 3.353490026470000142e-05 0.000000000000000000e+00
1.525626141330000130e-01 3.353490026470000142e-05 0.000000000000000000e+00
1.770219906140000077e-01 3.353490026470000142e-05 0.000000000000000000e+00
2.033804069019999883e-01 3.353490026470000142e-05 0.000000000000000000e+00
2.319701836539999895e-01 3.353490026470000142e-05 0.000000000000000000e+00
2.631992566979999837e-01 3.353490026459999732e-05 0.000000000000000000e+00
2.975746430189999958e-01 3.353490026459999732e-05 0.000000000000000000e+00
3.357351552200000255e-01 3.353490026459999732e-05 0.000000000000000000e+00
3.784979252510000114e-01 3.353490026450000000e-05 0.000000000000000000e+00
4.269260622259999916e-01 3.353490026450000000e-05 0.000000000000000000e+00
4.824295720830000245e-01 3.353490026440000268e-05 0.000000000000000000e+00
5.469203295140000476e-01 3.353490026440000268e-05 0.000000000000000000e+00
6.230581989500000306e-01 3.353490026429999858e-05 0.000000000000000000e+00
7.146576599530000129e-01 3.353490026420000126e-05 0.000000000000000000e+00
8.273919576770000228e-01 3.353490026409999716e-05 0.000000000000000000e+00
9.700840484089999771e-01 3.353490026399999984e-05 0.000000000000000000e+00
1.140830626210000087e+00 3.353490026390000252e-05 0.000000000000000000e+00
1.312664500969999981e+00 3.353490026370000110e-05 0.000000000000000000e+00
1.484498375720000096e+00 3.353490026359999700e-05 0.000000000000000000e+00
1.656332250479999990e+00 3.353490026340000236e-05 0.000000000000000000e+00
1.828166125240000106e+00 3.353490026329999826e-05 0.000000000000000000e+00
2.000000000000000000e+00 3.353490026309999684e-05 0.000000000000000000e+00
0.000000000000000000e+00 5.655453931520000306e-05 0.000000000000000000e+00
1.624726554019999963e-02 5.655453931520000306e-05 0.000000000000000000e+00
3.307715158840000141e-02 5.655453931509999896e-05 0.000000000000000000e+00
5.058283026209999672e-02 5.655453931509999896e-05 0.000000000000000000e+00
6.886997564640000291e-02 5.655453931509999896e-05 0.000000000000000000e+00
8.805956585650000223e-02 5.655453931509999896e-05 0.000000000000000000e+00
1.082913833170000006e-01 5.655453931500000164e-05 0.000000000000000000e+00
1.297284369870000120e-01 5.655453931500000164e-05 0.000000000000000000e+00
1.525626141330000130e-01 5.655453931500000164e-05 0.000000000000000000e+00
1.770219906140000077e-01 5.655453931500000164e-05 0.000000000000000000e+00
2.033804069019999883e-01 5.655453931489999754e-05 0.000000000000000000e+00
2.319701836539999895e-01 5.655453931489999754e-05 0.000000000000000000e+00
2.631992566979999837e-01 5.655453931480000022e-05 0.000000000000000000e+00
2.975746430189999958e-01 5.655453931480000022e-05 0.000000000000000000e+00
3.357351552200000255e-01 5.655453931470000290e-05 0.000000000000000000e+00
3.784979252510000114e-01 5.655453931470000290e-05 0.000000000000000000e+00
4.269260622259999916e-01 5.655453931459999880e-05 0.000000000000000000e+00
4.824295720830000245e-01 5.655453931450000148e-05 0.000000000000000000e+00
5.469203295140000476e-01 5.655453931450000148e-05 0.000000000000000000e+00
6.230581989500000306e-01 5.655453931439999738e-05 0.000000000000000000e+00
7.146576599530000129e-01 5.655453931420000274e-05 0.000000000000000000e+00
8.273919576770000228e-01 5.655453931409999864e-05 0.000000000000000000e+00
9.700840484089999771e-01 5.655453931389999722e-05 0.000000000000000000e+00
1.140830626210000087e+00 5.655453931370000258e-05 0.000000000000000000e+00
1.312664500969999981e+00 5.655453931339999706e-05 0.000000000000000000e+00
1.484498375720000096e+00 5.655453931320000242e-05 0.000000000000000000e+00
1.656332250479999990e+00 5.655453931300000100e-05 0.000000000000000000e+00
1.828166125240000106e+00 5.655453931279999958e-05 0.000000000000000000e+00
2.000000000000000000e+00 5.655453931250000084e-05 0.000000000000000000e+00
6.728717743200000031e-33 9.331153319999999605e-05 0.000000000000000000e+00
1.624726554019999963e-02 9.331153319990000551e-05 0.000000000000000000e+00
3.307715158840000141e-02 9.331153319990000551e-05 0.000000000000000000e+00
5.058283026209999672e-02 9.331153319990000551e-05 0.000000000000000000e+00
6.886997564640000291e-02 9.331153319980000141e-05 0.000000000000000000e+00
8.805956585650000223e-02 9.331153319980000141e-05 0.000000000000000000e+00
1.082913833170000006e-01 9.331153319969999731e-05 0.000000000000000000e+00
1.297284369870000120e-01 9.331153319969999731e-05 0.000000000000000000e+00
1.525626141330000130e-01 9.331153319960000677e-05 0.000000000000000000e+00
1.770219906140000077e-01 9.331153319960000677e-05 0.000000000000000000e+00
2.033804069019999883e-01 9.331153319950000267e-05 0.000000000000000000e+00
2.319701836539999895e-01 9.331153319950000267e-05 0.000000000000000000e+00
2.631992566979999837e-01 9.331153319939999857e-05 0.000000000000000000e+00
2.975746430189999958e-01 9.331153319929999447e-05 0.000000000000000000e+00
3.357351552200000255e-01 9.331153319920000393e-05 0.000000000000000000e+00
3.784979252510000114e-01 9.331153319909999983e-05 0.000000000000000000e+00
4.269260622259999916e-01 9.331153319899999573e-05 0.000000000000000000e+00
4.824295720830000245e-01 9.331153319890000519e-05 0.000000000000000000e+00
5.469203295140000476e-01 9.331153319880000109e-05 0.000000000000000000e+00
6.230581989500000306e-01 9.331153319860000645e-05 0.000000000000000000e+00
7.146576599530000129e-01 9.331153319839999825e-05 0.000000000000000000e+00
8.273919576770000228e-01 9.331153319820000361e-05 0.000000000000000000e+00
9.700840484089999771e-01 9.331153319780000077e-05 0.000000000000000000e+00
1.140830626210000087e+00 9.331153319750000203e-05 0.000000000000000000e+00
1.312664500969999981e+00 9.331153319709999919e-05 0.000000000000000000e+00
1.484498375720000096e+00 9.331153319669999635e-05 0.000000000000000000e+00
1.656332250479999990e+00 9.331153319629999351e-05 0.000000000000000000e+00
1.828166125240000106e+00 9.331153319599999477e-05 0.000000000000000000e+00
2.000000000000000000e+00 9.331153319560000548e-05 0.000000000000000000e+00
4.489824182849999829e-33 1.527343229200000033e-04 0.000000000000000000e+00
1.624726554019999963e-02 1.527343229200000033e-04 0.000000000000000000e+00
3.307715158840000141e-02 1.527343229200000033e-04 0.000000000000000000e+00
5.058283026209999672e-02 1.527343229200000033e-04 0.000000000000000000e+00
6.886997564640000291e-02 1.527343229200000033e-04 0.000000000000000000e+00
8.805956585650000223e-02 1.527343229200000033e-04 0.000000000000000000e+00
1.082913833170000006e-01 1.527343229200000033e-04 0.000000000000000000e+00
1.297284369870000120e-01 1.527343229200000033e-04 0.000000000000000000e+00
1.525626141330000130e-01 1.527343229189999894e-04 0.000000000000000000e+00
1.770219906140000077e-01 1.527343229189999894e-04 0.000000000000000000e+00
2.033804069019999883e-01 1.527343229189999894e-04 0.000000000000000000e+00
2.319701836539999895e-01 1.527343229189999894e-04 0.000000000000000000e+00
2.631992566979999837e-01 1.527343229189999894e-04 0.000000000000000000e+00
2.975746430189999958e-01 1.527343229189999894e-04 0.000000000000000000e+00
3.357351552200000255e-01 1.527343229189999894e-04 0.000000000000000000e+00
3.784979252510000114e-01 1.527343229189999894e-04 0.000000000000000000e+00
4.269260622259999916e-01 1.527343229189999894e-04 0.000000000000000000e+00
4.824295720830000245e-01 1.527343229180000027e-04 0.000000000000000000e+00
5.469203295140000476e-01 1.527343229180000027e-04 0.000000000000000000e+00
6.230581989500000306e-01 1.527343229180000027e-04 0.000000000000000000e+00
7.146576599530000129e-01 1.527343229180000027e-04 0.000000000000000000e+00
8.273919576770000228e-01 1.527343229169999888e-04 0.000000000000000000e+00
9.700840484089999771e-01 1.527343229169999888e-04 0.000000000000000000e+00
1.140830626210000087e+00 1.527343229160000020e-04 0.000000000000000000e+00
1.312664500969999981e+00 1.527343229160000020e-04 0.000000000000000000e+00
1.484498375720000096e+00 1.527343229149999882e-04 0.000000000000000000e+00
1.656332250479999990e+00 1.527343229149999882e-04 0.000000000000000000e+00
1.828166125240000106e+00 1.527343229140000014e-04 0.000000000000000000e+00
2.000000000000000000e+00 1.527343229140000014e-04 0.000000000000000000e+00
-6.728717743200000031e-33 2.492569743800000250e-04 0.000000000000000000e+00
1.624726554019999963e-02 2.492569743790000111e-04 0.000000000000000000e+00
3.307715158840000141e-02 2.492569743790000111e-04 0.000000000000000000e+00
5.058283026209999672e-02 2.492569743790000111e-04 0.000000000000000000e+00
6.886997564640000291e-02 2.492569743790000111e-04 0.000000000000000000e+00
8.805956585650000223e-02 2.492569743790000111e-04 0.000000000000000000e+00
1.082913833170000006e-01 2.492569743790000111e-04 0.000000000000000000e+00
1.297284369870000120e-01 2.492569743790000111e-04 0.000000000000000000e+00
1.525626141330000130e-01 2.492569743790000111e-04 0.000000000000000000e+00
1.770219906140000077e-01 2.492569743790000111e-04 0.000000000000000000e+00
2.033804069019999883e-01 2.492569743790000111e-04 0.000000000000000000e+00
2.319701836539999895e-01 2.492569743779999973e-04 0.000000000000000000e+00
2.631992566979999837e-01 2.492569743779999973e-04 0.000000000000000000e+00
2.975746430189999958e-01 2.492569743779999973e-04 0.000000000000000000e+00
3.357351552200000255e-01 2.492569743779999973e-04 0.000000000000000000e+00
3.784979252510000114e-01 2.492569743779999973e-04 0.000000000000000000e+00
4.269260622259999916e-01 2.492569743769999834e-04 0.000000000000000000e+00
4.824295720830000245e-01 2.492569743769999834e-04 0.000000000000000000e+00
5.469203295140000476e-01 2.492569743769999834e-04 0.000000000000000000e+00
6.230581989500000306e-01 2.492569743760000237e-04 0.000000000000000000e+00
7.146576599530000129e-01 2.492569743760000237e-04 0.000000000000000000e+00
8.273919576770000228e-01 2.492569743750000098e-04 0.000000000000000000e+00
9.700840484089999771e-01 2.492569743750000098e-04 0.000000000000000000e+00
1.140830626210000087e+00 2.492569743739999960e-04 0.000000000000000000e+00
1.312664500969999981e+00 2.492569743729999821e-04 0.000000000000000000e+00
1.484498375720000096e+00 2.492569743720000224e-04 0.000000000000000000e+00
1.656332250479999990e+00 2.492569743710000086e-04 0.000000000000000000e+00
1.828166125240000106e+00 2.492569743699999947e-04 0.000000000000000000e+00
2.000000000000000000e+00 2.492569743689999808e-04 0.000000000000000000e+00
4.489824182849999829e-33 4.063252786450000011e-04 0.000000000000000000e+00
1.624726554019999963e-02 4.063252786450000011e-04 0.000000000000000000e+00
3.307715158840000141e-02 4.063252786450000011e-04 0.000000000000000000e+00
5.058283026209999672e-02 4.063252786439999873e-04 0.000000000000000000e+00
6.886997564640000291e-02 4.063252786439999873e-04 0.000000000000000000e+00
8.805956585650000223e-02 4.063252786439999873e-04 0.000000000000000000e+00
1.082913833170000006e-01 4.063252786439999873e-04 0.000000000000000000e+00
1.297284369870000120e-01 4.063252786439999873e-04 0.000000000000000000e+00
1.525626141330000130e-01 4.063252786439999873e-04 0.000000000000000000e+00
1.770219906140000077e-01 4.063252786429999734e-04 0.000000000000000000e+00
2.033804069019999883e-01 4.063252786429999734e-04 0.000000000000000000e+00
2.319701836539999895e-01 4.063252786429999734e-04 0.000000000000000000e+00
2.631992566979999837e-01 4.063252786429999734e-04 0.000000000000000000e+00
2.975746430189999958e-01 4.063252786420000137e-04 0.000000000000000000e+00
3.357351552200000255e-01 4.063252786420000137e-04 0.000000000000000000e+00
3.784979252510000114e-01 4.063252786420000137e-04 0.000000000000000000e+00
4.269260622259999916e-01 4.063252786409999998e-04 0.000000000000000000e+00
4.824295720830000245e-01 4.063252786409999998e-04 0.000000000000000000e+00
5.469203295140000476e-01 4.063252786409999998e-04 0.000000000000000000e+00
6.230581989500000306e-01 4.063252786399999860e-04 0.000000000000000000e+00
7.146576599530000129e-01 4.063252786390000263e-04 0.000000000000000000e+00
8.273919576770000228e-01 4.063252786380000124e-04 0.000000000000000000e+00
9.700840484089999771e-01 4.063252786369999986e-04 0.000000000000000000e+00
1.140830626210000087e+00 4.063252786359999847e-04 0.000000000000000000e+00
1.312664500969999981e+00 4.063252786340000111e-04 0.000000000000000000e+00
1.484498375720000096e+00 4.063252786329999973e-04 0.000000000000000000e+00
1.656332250479999990e+00 4.063252786319999834e-04 0.000000000000000000e+00
1.828166125240000106e+00 4.063252786300000099e-04 0.000000000000000000e+00
2.000000000000000000e+00 4.063252786289999960e-04 0.000000000000000000e+00
-1.203706215240000061e-35 6.620918412370000502e-04 0.000000000000000000e+00
1.624726554019999963e-02 6.620918412359999821e-04 0.000000000000000000e+00
3.307715158840000141e-02 6.620918412359999821e-04 0.000000000000000000e+00
5.058283026209999672e-02 6.620918412359999821e-04 0.000000000000000000e+00
6.886997564640000291e-02 6.620918412359999821e-04 0.000000000000000000e+00
8.805956585650000223e-02 6.620918412359999821e-04 0.000000000000000000e+00
1.082913833170000006e-01 6.620918412350000224e-04 0.000000000000000000e+00
1.297284369870000120e-01 6.620918412350000224e-04 0.000000000000000000e+00
1.525626141330000130e-01 6.620918412350000224e-04 0.000000000000000000e+00
1.770219906140000077e-01 6.620918412339999544e-04 0.000000000000000000e+00
2.033804069019999883e-01 6.620918412339999544e-04 0.000000000000000000e+00
2.319701836539999895e-01 6.620918412339999544e-04 0.000000000000000000e+00
2.631992566979999837e-01 6.620918412329999947e-04 0.000000000000000000e+00
2.975746430189999958e-01 6.620918412329999947e-04 0.000000000000000000e+00
3.357351552200000255e-01 6.620918412329999947e-04 0.000000000000000000e+00
3.784979252510000114e-01 6.620918412320000350e-04 0.000000000000000000e+00
4.269260622259999916e-01 6.620918412309999669e-04 0.000000000000000000e+00
4.824295720830000245e-01 6.620918412309999669e-04 0.000000000000000000e+00
5.469203295140000476e-01 6.620918412300000073e-04 0.000000000000000000e+00
6.230581989500000306e-01 6.620918412290000476e-04 0.000000000000000000e+00
7.146576599530000129e-01 6.620918412279999795e-04 0.000000000000000000e+00
8.273919576770000228e-01 6.620918412270000199e-04 0.000000000000000000e+00
9.700840484089999771e-01 6.620918412249999921e-04 0.000000000000000000e+00
1.140830626210000087e+00 6.620918412229999644e-04 0.000000000000000000e+00
1.312664500969999981e+00 6.620918412210000450e-04 0.000000000000000000e+00
1.484498375720000096e+00 6.620918412190000173e-04 0.000000000000000000e+00
1.656332250479999990e+00 6.620918412169999896e-04 0.000000000000000000e+00
1.828166125240000106e+00 6.620918412149999618e-04 0.000000000000000000e+00
2.000000000000000000e+00 6.620918412130000425e-04 0.000000000000000000e+00
6.752791867509999556e-33 1.078683523549999997e-03 0.000000000000000000e+00
1.624726554019999963e-02 1.078683523549999997e-03 0.000000000000000000e+00
3.307715158840000141e-02 1.078683523549999997e-03 0.000000000000000000e+00
5.058283026209999672e-02 1.078683523539999967e-03 0.000000000000000000e+00
6.886997564640000291e-02 1.078683523539999967e-03 0.000000000000000000e+00
8.805956585650000223e-02 1.078683523539999967e-03 0.000000000000000000e+00
1.082913833170000006e-01 1.078683523539999967e-03 0.000000000000000000e+00
1.297284369870000120e-01 1.078683523539999967e-03 0.000000000000000000e+00
1.525626141330000130e-01 1.078683523539999967e-03 0.000000000000000000e+00
1.770219906140000077e-01 1.078683523539999967e-03 0.000000000000000000e+00
2.033804069019999883e-01 1.078683523539999967e-03 0.000000000000000000e+00
2.319701836539999895e-01 1.078683523539999967e-03 0.000000000000000000e+00
2.631992566979999837e-01 1.078683523539999967e-03 0.000000000000000000e+00
2.975746430189999958e-01 1.078683523539999967e-03 0.000000000000000000e+00
3.357351552200000255e-01 1.078683523539999967e-03 0.000000000000000000e+00
3.784979252510000114e-01 1.078683523539999967e-03 0.000000000000000000e+00
4.269260622259999916e-01 1.078683523539999967e-03 0.000000000000000000e+00
4.824295720830000245e-01 1.078683523539999967e-03 0.000000000000000000e+00
5.469203295140000476e-01 1.078683523539999967e-03 0.000000000000000000e+00
6.230581989500000306e-01 1.078683523529999936e-03 0.000000000000000000e+00
7.146576599530000129e-01 1.078683523529999936e-03 0.000000000000000000e+00
8.273919576770000228e-01 1.078683523529999936e-03 0.000000000000000000e+00
9.700840484089999771e-01 1.078683523529999936e-03 0.000000000000000000e+00
1.140830626210000087e+00 1.078683523519999906e-03 0.000000000000000000e+00
1.312664500969999981e+00 1.078683523519999906e-03 0.000000000000000000e+00
1.484498375720000096e+00 1.078683523519999906e-03 0.000000000000000000e+00
1.656332250479999990e+00 1.078683523519999906e-03 0.000000000000000000e+00
1.828166125240000106e+00 1.078683523510000093e-03 0.000000000000000000e+00
2.000000000000000000e+00 1.078683523510000093e-03 0.000000000000000000e+00
6.752791867509999556e-33 1.757292340039999989e-03 0.000000000000000000e+00
1.624726554019999963e-02 1.757292340039999989e-03 0.000000000000000000e+00
3.307715158840000141e-02 1.757292340039999989e-03 0.000000000000000000e+00
5.058283026209999672e-02 1.757292340039999989e-03 0.000000000000000000e+00
6.886997564640000291e-02 1.757292340039999989e-03 0.000000000000000000e+00
8.805956585650000223e-02 1.757292340039999989e-03 0.000000000000000000e+00
1.082913833170000006e-01 1.757292340039999989e-03 0.000000000000000000e+00
1.297284369870000120e-01 1.757292340039999989e-03 0.000000000000000000e+00
1.525626141330000130e-01 1.757292340039999989e-03 0.000000000000000000e+00
1.770219906140000077e-01 1.757292340039999989e-03 0.000000000000000000e+00
2.033804069019999883e-01 1.757292340039999989e-03 0.000000000000000000e+00
2.319701836539999895e-01 1.757292340039999989e-03 0.000000000000000000e+00
2.631992566979999837e-01 1.757292340039999989e-03 0.000000000000000000e+00
2.975746430189999958e-01 1.757292340039999989e-03 0.000000000000000000e+00
3.357351552200000255e-01 1.757292340039999989e-03 0.000000000000000000e+00
3.784979252510000114e-01 1.757292340029999959e-03 0.000000000000000000e+00
4.269260622259999916e-01 1.757292340029999959e-03 0.000000000000000000e+00
4.824295720830000245e-01 1.757292340029999959e-03 0.000000000000000000e+00
5.469203295140000476e-01 1.757292340029999959e-03 0.000000000000000000e+00
6.230581989500000306e-01 1.757292340029999959e-03 0.000000000000000000e+00
7.146576599530000129e-01 1.757292340029999959e-03 0.000000000000000000e+00
8.273919576770000228e-01 1.757292340019999928e-03 0.000000000000000000e+00
9.700840484089999771e-01 1.757292340019999928e-03 0.000000000000000000e+00
1.140830626210000087e+00 1.757292340009999898e-03 0.000000000000000000e+00
1.312664500969999981e+00 1.757292340009999898e-03 0.000000000000000000e+00
1.484498375720000096e+00 1.757292340000000085e-03 0.000000000000000000e+00
1.656332250479999990e+00 1.757292340000000085e-03 0.000000000000000000e+00
1.828166125240000106e+00 1.757292339990000054e-03 0.000000000000000000e+00
2.000000000000000000e+00 1.757292339990000054e-03 0.000000000000000000e+00
-4.477787120699999719e-33 2.862755458869999971e-03 0.000000000000000000e+00
1.624726554019999963e-02 2.862755458869999971e-03 0.000000000000000000e+00
3.307715158840000141e-02 2.862755458869999971e-03 0.000000000000000000e+00
5.058283026209999672e-02 2.862755458869999971e-03 0.000000000000000000e+00
6.886997564640000291e-02 2.862755458869999971e-03 0.000000000000000000e+00
8.805956585650000223e-02 2.862755458869999971e-03 0.000000000000000000e+00
1.082913833170000006e-01 2.862755458860000157e-03 0.000000000000000000e+00
1.297284369870000120e-01 2.862755458860000157e-03 0.000000000000000000e+00
1.525626141330000130e-01 2.862755458860000157e-03 0.000000000000000000e+00
1.770219906140000077e-01 2.862755458860000157e-03 0.000000000000000000e+00
2.033804069019999883e-01 2.862755458860000157e-03 0.000000000000000000e+00
2.319701836539999895e-01 2.862755458860000157e-03 0.000000000000000000e+00
2.631992566979999837e-01 2.862755458860000157e-03 0.000000000000000000e+00
2.975746430189999958e-01 2.862755458860000157e-03 0.000000000000000000e+00
3.357351552200000255e-01 2.862755458860000157e-03 0.000000000000000000e+00
3.784979252510000114e-01 2.862755458849999910e-03 0.000000000000000000e+00
4.269260622259999916e-01 2.862755458849999910e-03 0.000000000000000000e+00
4.824295720830000245e-01 2.862755458849999910e-03 0.000000000000000000e+00
5.469203295140000476e-01 2.862755458849999910e-03 0.000000000000000000e+00
6.230581989500000306e-01 2.862755458840000097e-03 0.000000000000000000e+00
7.146576599530000129e-01 2.862755458840000097e-03 0.000000000000000000e+00
8.273919576770000228e-01 2.862755458829999849e-03 0.000000000000000000e+00
9.700840484089999771e-01 2.862755458829999849e-03 0.000000000000000000e+00
1.140830626210000087e+00 2.862755458820000036e-03 0.000000000000000000e+00
1.312664500969999981e+00 2.862755458809999789e-03 0.000000000000000000e+00
1.484498375720000096e+00 2.862755458809999789e-03 0.000000000000000000e+00
1.656332250479999990e+00 2.862755458799999975e-03 0.000000000000000000e+00
1.828166125240000106e+00 2.862755458790000162e-03 0.000000000000000000e+00
2.000000000000000000e+00 2.862755458790000162e-03 0.000000000000000000e+00
-6.752791867509999556e-33 4.663594899710000151e-03 0.000000000000000000e+00
1.624726554019999963e-02 4.663594899710000151e-03 0.000000000000000000e+00
3.307715158840000141e-02 4.663594899700000337e-03 0.000000000000000000e+00
5.058283026209999672e-02 4.663594899700000337e-03 0.000000000000000000e+00
6.886997564640000291e-02 4.663594899700000337e-03 0.000000000000000000e+00
8.805956585650000223e-02 4.663594899700000337e-03 0.000000000000000000e+00
1.082913833170000006e-01 4.663594899700000337e-03 0.000000000000000000e+00
1.297284369870000120e-01 4.663594899700000337e-03 0.000000000000000000e+00
1.525626141330000130e-01 4.663594899700000337e-03 0.000000000000000000e+00
1.770219906140000077e-01 4.663594899700000337e-03 0.000000000000000000e+00
2.033804069019999883e-01 4.663594899689999657e-03 0.000000000000000000e+00
2.319701836539999895e-01 4.663594899689999657e-03 0.000000000000000000e+00
2.631992566979999837e-01 4.663594899689999657e-03 0.000000000000000000e+00
2.975746430189999958e-01 4.663594899689999657e-03 0.000000000000000000e+00
3.357351552200000255e-01 4.663594899689999657e-03 0.000000000000000000e+00
3.784979252510000114e-01 4.663594899679999843e-03 0.000000000000000000e+00
4.269260622259999916e-01 4.663594899679999843e-03 0.000000000000000000e+00
4.824295720830000245e-01 4.663594899679999843e-03 0.000000000000000000e+00
5.469203295140000476e-01 4.663594899670000030e-03 0.000000000000000000e+00
6.230581989500000306e-01 4.663594899670000030e-03 0.000000000000000000e+00
7.146576599530000129e-01 4.663594899660000216e-03 0.000000000000000000e+00
8.273919576770000228e-01 4.663594899660000216e-03 0.000000000000000000e+00
9.700840484089999771e-01 4.663594899650000403e-03 0.000000000000000000e+00
1.140830626210000087e+00 4.663594899639999722e-03 0.000000000000000000e+00
1.312664500969999981e+00 4.663594899629999908e-03 0.000000000000000000e+00
1.484498375720000096e+00 4.663594899620000095e-03 0.000000000000000000e+00
1.656332250479999990e+00 4.663594899599999601e-03 0.000000000000000000e+00
1.828166125240000106e+00 4.663594899589999787e-03 0.000000000000000000e+00
2.000000000000000000e+00 4.663594899579999974e-03 0.000000000000000000e+00
-4.417601809939999862e-33 7.597242753739999813e-03 0.000000000000000000e+00
1.624726554019999963e-02 7.597242753739999813e-03 0.000000000000000000e+00
3.307715158840000141e-02 7.597242753729999999e-03 0.000000000000000000e+00
5.058283026209999672e-02 7.597242753729999999e-03 0.000000000000000000e+00
6.886997564640000291e-02 7.597242753729999999e-03 0.000000000000000000e+00
8.805956585650000223e-02 7.597242753729999999e-03 0.000000000000000000e+00
1.082913833170000006e-01 7.597242753729999999e-03 0.000000000000000000e+00
1.297284369870000120e-01 7.597242753729999999e-03 0.000000000000000000e+00
1.525626141330000130e-01 7.597242753720000186e-03 0.000000000000000000e+00
1.770219906140000077e-01 7.597242753720000186e-03 0.000000000000000000e+00
2.033804069019999883e-01 7.597242753720000186e-03 0.000000000000000000e+00
2.319701836539999895e-01 7.597242753720000186e-03 0.000000000000000000e+00
2.631992566979999837e-01 7.597242753710000372e-03 0.000000000000000000e+00
2.975746430189999958e-01 7.597242753710000372e-03 0.000000000000000000e+00
3.357351552200000255e-01 7.597242753710000372e-03 0.000000000000000000e+00
3.784979252510000114e-01 7.597242753699999691e-03 0.000000000000000000e+00
4.269260622259999916e-01 7.597242753699999691e-03 0.000000000000000000e+00
4.824295720830000245e-01 7.597242753689999878e-03 0.000000000000000000e+00
5.469203295140000476e-01 7.597242753689999878e-03 0.000000000000000000e+00
6.230581989500000306e-01 7.597242753680000064e-03 0.000000000000000000e+00
7.146576599530000129e-01 7.597242753670000251e-03 0.000000000000000000e+00
8.273919576770000228e-01 7.597242753659999570e-03 0.000000000000000000e+00
9.700840484089999771e-01 7.597242753649999757e-03 0.000000000000000000e+00
1.140830626210000087e+00 7.597242753630000130e-03 0.000000000000000000e+00
1.312664500969999981e+00 7.597242753620000316e-03 0.000000000000000000e+00
1.484498375720000096e+00 7.597242753599999822e-03 0.000000000000000000e+00
1.656332250479999990e+00 7.597242753590000008e-03 0.000000000000000000e+00
1.828166125240000106e+00 7.597242753570000381e-03 0.000000000000000000e+00
2.000000000000000000e+00 7.597242753549999887e-03 0.000000000000000000e+00
6.873162489030000638e-33 1.237629542820000046e-02 0.000000000000000000e+00
1.624726554019999963e-02 1.237629542820000046e-02 0.000000000000000000e+00
3.307715158840000141e-02 1.237629542820000046e-02 0.000000000000000000e+00
5.058283026209999672e-02 1.237629542820000046e-02 0.000000000000000000e+00
6.886997564640000291e-02 1.237629542820000046e-02 0.000000000000000000e+00
8.805956585650000223e-02 1.237629542820000046e-02 0.000000000000000000e+00
1.082913833170000006e-01 1.237629542820000046e-02 0.000000000000000000e+00
1.297284369870000120e-01 1.237629542820000046e-02 0.000000000000000000e+00
1.525626141330000130e-01 1.237629542820000046e-02 0.000000000000000000e+00
1.770219906140000077e-01 1.237629542820000046e-02 0.000000000000000000e+00
2.033804069019999883e-01 1.237629542820000046e-02 0.000000000000000000e+00
2.319701836539999895e-01 1.237629542820000046e-02 0.000000000000000000e+00
2.631992566979999837e-01 1.237629542820000046e-02 0.000000000000000000e+00
2.975746430189999958e-01 1.237629542820000046e-02 0.000000000000000000e+00
3.357351552200000255e-01 1.237629542820000046e-02 0.000000000000000000e+00
3.784979252510000114e-01 1.237629542820000046e-02 0.000000000000000000e+00
4.269260622259999916e-01 1.237629542820000046e-02 0.000000000000000000e+00
4.824295720830000245e-01 1.237629542810000059e-02 0.000000000000000000e+00
5.469203295140000476e-01 1.237629542810000059e-02 0.000000000000000000e+00
6.230581989500000306e-01 1.237629542810000059e-02 0.000000000000000000e+00
7.146576599530000129e-01 1.237629542810000059e-02 0.000000000000000000e+00
8.273919576770000228e-01 1.237629542810000059e-02 0.000000000000000000e+00
9.700840484089999771e-01 1.237629542810000059e-02 0.000000000000000000e+00
1.140830626210000087e+00 1.237629542810000059e-02 0.000000000000000000e+00
1.312664500969999981e+00 1.237629542800000072e-02 0.000000000000000000e+00
1.484498375720000096e+00 1.237629542800000072e-02 0.000000000000000000e+00
1.656332250479999990e+00 1.237629542800000072e-02 0.000000000000000000e+00
1.828166125240000106e+00 1.237629542800000072e-02 0.000000000000000000e+00
2.000000000000000000e+00 1.237629542790000085e-02 0.000000000000000000e+00
-2.455560679090000092e-33 2.016160655499999940e-02 0.000000000000000000e+00
1.624726554019999963e-02 2.016160655499999940e-02 0.000000000000000000e+00
3.307715158840000141e-02 2.016160655489999953e-02 0.000000000000000000e+00
5.058283026209999672e-02 2.016160655489999953e-02 0.000000000000000000e+00
6.886997564640000291e-02 2.016160655489999953e-02 0.000000000000000000e+00
8.805956585650000223e-02 2.016160655489999953e-02 0.000000000000000000e+00
1.082913833170000006e-01 2.016160655489999953e-02 0.000000000000000000e+00
1.297284369870000120e-01 2.016160655489999953e-02 0.000000000000000000e+00
1.525626141330000130e-01 2.016160655489999953e-02 0.000000000000000000e+00
1.770219906140000077e-01 2.016160655489999953e-02 0.000000000000000000e+00
2.033804069019999883e-01 2.016160655489999953e-02 0.000000000000000000e+00
2.319701836539999895e-01 2.016160655489999953e-02 0.000000000000000000e+00
2.631992566979999837e-01 2.016160655489999953e-02 0.000000000000000000e+00
2.975746430189999958e-01 2.016160655489999953e-02 0.000000000000000000e+00
3.357351552200000255e-01 2.016160655489999953e-02 0.000000000000000000e+00
3.784979252510000114e-01 2.016160655489999953e-02 0.000000000000000000e+00
4.269260622259999916e-01 2.016160655489999953e-02 0.000000000000000000e+00
4.824295720830000245e-01 2.016160655489999953e-02 0.000000000000000000e+00
5.469203295140000476e-01 2.016160655479999966e-02 0.000000000000000000e+00
6.230581989500000306e-01 2.016160655479999966e-02 0.000000000000000000e+00
7.146576599530000129e-01 2.016160655479999966e-02 0.000000000000000000e+00
8.273919576770000228e-01 2.016160655479999966e-02 0.000000000000000000e+00
9.700840484089999771e-01 2.016160655479999966e-02 0.000000000000000000e+00
1.140830626210000087e+00 2.016160655469999979e-02 0.000000000000000000e+00
1.312664500969999981e+00 2.016160655469999979e-02 0.000000000000000000e+00
1.484498375720000096e+00 2.016160655469999979e-02 0.000000000000000000e+00
1.656332250479999990e+00 2.016160655459999992e-02 0.000000000000000000e+00
1.828166125240000106e+00 2.016160655459999992e-02 0.000000000000000000e+00
2.000000000000000000e+00 2.016160655459999992e-02 0.000000000000000000e+00
-1.962041130840000123e-33 3.284426361759999746e-02 0.000000000000000000e+00
1.624726554019999963e-02 3.284426361759999746e-02 0.000000000000000000e+00
3.307715158840000141e-02 3.284426361759999746e-02 0.000000000000000000e+00
5.058283026209999672e-02 3.284426361759999746e-02 0.000000000000000000e+00
6.886997564640000291e-02 3.284426361759999746e-02 0.000000000000000000e+00
8.805956585650000223e-02 3.284426361759999746e-02 0.000000000000000000e+00
1.082913833170000006e-01 3.284426361759999746e-02 0.000000000000000000e+00
1.297284369870000120e-01 3.284426361759999746e-02 0.000000000000000000e+00
1.525626141330000130e-01 3.284426361759999746e-02 0.000000000000000000e+00
1.770219906140000077e-01 3.284426361759999746e-02 0.000000000000000000e+00
2.033804069019999883e-01 3.284426361759999746e-02 0.000000000000000000e+00
2.319701836539999895e-01 3.284426361759999746e-02 0.000000000000000000e+00
2.631992566979999837e-01 3.284426361759999746e-02 0.000000000000000000e+00
2.975746430189999958e-01 3.284426361759999746e-02 0.000000000000000000e+00
3.357351552200000255e-01 3.284426361750000106e-02 0.000000000000000000e+00
3.784979252510000114e-01 3.284426361750000106e-02 0.000000000000000000e+00
4.269260622259999916e-01 3.284426361750000106e-02 0.000000000000000000e+00
4.824295720830000245e-01 3.284426361750000106e-02 0.000000000000000000e+00
5.469203295140000476e-01 3.284426361750000106e-02 0.000000000000000000e+00
6.230581989500000306e-01 3.284426361750000106e-02 0.000000000000000000e+00
7.146576599530000129e-01 3.284426361739999772e-02 0.000000000000000000e+00
8.273919576770000228e-01 3.284426361739999772e-02 0.000000000000000000e+00
9.700840484089999771e-01 3.284426361739999772e-02 0.000000000000000000e+00
1.140830626210000087e+00 3.284426361730000132e-02 0.000000000000000000e+00
1.312664500969999981e+00 3.284426361730000132e-02 0.000000000000000000e+00
1.484498375720000096e+00 3.284426361719999798e-02 0.000000000000000000e+00
1.656332250479999990e+00 3.284426361719999798e-02 0.000000000000000000e+00
1.828166125240000106e+00 3.284426361710000158e-02 0.000000000000000000e+00
2.000000000000000000e+00 3.284426361710000158e-02 0.000000000000000000e+00
5.886123392530000014e-33 5.350494170299999880e-02 0.000000000000000000e+00
1.624726554019999963e-02 5.350494170299999880e-02 0.000000000000000000e+00
3.307715158840000141e-02 5.350494170299999880e-02 0.000000000000000000e+00
5.058283026209999672e-02 5.350494170299999880e-02 0.000000000000000000e+00
6.886997564640000291e-02 5.350494170299999880e-02 0.000000000000000000e+00
8.805956585650000223e-02 5.350494170299999880e-02 0.000000000000000000e+00
1.082913833170000006e-01 5.350494170299999880e-02 0.000000000000000000e+00
1.297284369870000120e-01 5.350494170299999880e-02 0.000000000000000000e+00
1.525626141330000130e-01 5.350494170299999880e-02 0.000000000000000000e+00
1.770219906140000077e-01 5.350494170290000240e-02 0.000000000000000000e+00
2.033804069019999883e-01 5.350494170290000240e-02 0.000000000000000000e+00
2.319701836539999895e-01 5.350494170290000240e-02 0.000000000000000000e+00
2.631992566979999837e-01 5.350494170290000240e-02 0.000000000000000000e+00
2.975746430189999958e-01 5.350494170290000240e-02 0.000000000000000000e+00
3.357351552200000255e-01 5.350494170290000240e-02 0.000000000000000000e+00
3.784979252510000114e-01 5.350494170290000240e-02 0.000000000000000000e+00
4.269260622259999916e-01 5.350494170279999906e-02 0.000000000000000000e+00
4.824295720830000245e-01 5.350494170279999906e-02 0.000000000000000000e+00
5.469203295140000476e-01 5.350494170279999906e-02 0.000000000000000000e+00
6.230581989500000306e-01 5.350494170279999906e-02 0.000000000000000000e+00
7.146576599530000129e-01 5.350494170270000266e-02 0.000000000000000000e+00
8.273919576770000228e-01 5.350494170270000266e-02 0.000000000000000000e+00
9.700840484089999771e-01 5.350494170259999932e-02 0.000000000000000000e+00
1.140830626210000087e+00 5.350494170259999932e-02 0.000000000000000000e+00
1.312664500969999981e+00 5.350494170250000292e-02 0.000000000000000000e+00
1.484498375720000096e+00 5.350494170239999958e-02 0.000000000000000000e+00
1.656332250479999990e+00 5.350494170239999958e-02 0.000000000000000000e+00
1.828166125240000106e+00 5.350494170230000318e-02 0.000000000000000000e+00
2.000000000000000000e+00 5.350494170219999984e-02 0.000000000000000000e+00
-5.886123392530000014e-33 8.716221349170000243e-02 0.000000000000000000e+00
1.624726554019999963e-02 8.716221349170000243e-02 0.000000000000000000e+00
3.307715158840000141e-02 8.716221349170000243e-02 0.000000000000000000e+00
5.058283026209999672e-02 8.716221349170000243e-02 0.000000000000000000e+00
6.886997564640000291e-02 8.716221349170000243e-02 0.000000000000000000e+00
8.805956585650000223e-02 8.716221349170000243e-02 0.000000000000000000e+00
1.082913833170000006e-01 8.716221349170000243e-02 0.000000000000000000e+00
1.297284369870000120e-01 8.716221349170000243e-02 0.000000000000000000e+00
1.525626141330000130e-01 8.716221349170000243e-02 0.000000000000000000e+00
1.770219906140000077e-01 8.716221349159999909e-02 0.000000000000000000e+00
2.033804069019999883e-01 8.716221349159999909e-02 0.000000000000000000e+00
2.319701836539999895e-01 8.716221349159999909e-02 0.000000000000000000e+00
2.631992566979999837e-01 8.716221349159999909e-02 0.000000000000000000e+00
2.975746430189999958e-01 8.716221349159999909e-02 0.000000000000000000e+00
3.357351552200000255e-01 8.716221349159999909e-02 0.000000000000000000e+00
3.784979252510000114e-01 8.716221349149999575e-02 0.000000000000000000e+00
4.269260622259999916e-01 8.716221349149999575e-02 0.000000000000000000e+00
4.824295720830000245e-01 8.716221349149999575e-02 0.000000000000000000e+00
5.469203295140000476e-01 8.716221349149999575e-02 0.000000000000000000e+00
6.230581989500000306e-01 8.716221349140000629e-02 0.000000000000000000e+00
7.146576599530000129e-01 8.716221349140000629e-02 0.000000000000000000e+00
8.273919576770000228e-01 8.716221349130000295e-02 0.000000000000000000e+00
9.700840484089999771e-01 8.716221349119999962e-02 0.000000000000000000e+00
1.140830626210000087e+00 8.716221349109999628e-02 0.000000000000000000e+00
1.312664500969999981e+00 8.716221349109999628e-02 0.000000000000000000e+00
1.484498375720000096e+00 8.716221349100000682e-02 0.000000000000000000e+00
1.656332250479999990e+00 8.716221349090000348e-02 0.000000000000000000e+00
1.828166125240000106e+00 8.716221349080000014e-02 0.000000000000000000e+00
2.000000000000000000e+00 8.716221349069999680e-02 0.000000000000000000e+00
-2.383338306180000125e-33 1.419915833890000034e-01 0.000000000000000000e+00
1.624726554019999963e-02 1.419915833890000034e-01 0.000000000000000000e+00
3.307715158840000141e-02 1.419915833890000034e-01 0.000000000000000000e+00
5.058283026209999672e-02 1.419915833890000034e-01 0.000000000000000000e+00
6.886997564640000291e-02 1.419915833890000034e-01 0.000000000000000000e+00
8.805956585650000223e-02 1.419915833890000034e-01 0.000000000000000000e+00
1.082913833170000006e-01 1.419915833890000034e-01 0.000000000000000000e+00
1.297284369870000120e-01 1.419915833890000034e-01 0.000000000000000000e+00
1.525626141330000130e-01 1.419915833890000034e-01 0.000000000000000000e+00
1.770219906140000077e-01 1.419915833890000034e-01 0.000000000000000000e+00
2.033804069019999883e-01 1.419915833890000034e-01 0.000000000000000000e+00
2.319701836539999895e-01 1.419915833890000034e-01 0.000000000000000000e+00
2.631992566979999837e-01 1.419915833890000034e-01 0.000000000000000000e+00
2.975746430189999958e-01 1.419915833890000034e-01 0.000000000000000000e+00
3.357351552200000255e-01 1.419915833890000034e-01 0.000000000000000000e+00
3.784979252510000114e-01 1.419915833890000034e-01 0.000000000000000000e+00
4.269260622259999916e-01 1.419915833890000034e-01 0.000000000000000000e+00
4.824295720830000245e-01 1.419915833890000034e-01 0.000000000000000000e+00
5.469203295140000476e-01 1.419915833890000034e-01 0.000000000000000000e+00
6.230581989500000306e-01 1.419915833890000034e-01 0.000000000000000000e+00
7.146576599530000129e-01 1.419915833890000034e-01 0.000000000000000000e+00
8.273919576770000228e-01 1.419915833890000034e-01 0.000000000000000000e+00
9.700840484089999771e-01 1.419915833890000034e-01 0.000000000000000000e+00
1.140830626210000087e+00 1.419915833879999978e-01 0.000000000000000000e+00
1.312664500969999981e+00 1.419915833879999978e-01 0.000000000000000000e+00
1.484498375720000096e+00 1.419915833879999978e-01 0.000000000000000000e+00
1.656332250479999990e+00 1.419915833879999978e-01 0.000000000000000000e+00
1.828166125240000106e+00 1.419915833879999978e-01 0.000000000000000000e+00
2.000000000000000000e+00 1.419915833879999978e-01 0.000000000000000000e+00
-2.383338306180000125e-33 2.313113547310000073e-01 0.000000000000000000e+00
1.624726554019999963e-02 2.313113547310000073e-01 0.000000000000000000e+00
3.307715158840000141e-02 2.313113547310000073e-01 0.000000000000000000e+00
5.058283026209999672e-02 2.313113547310000073e-01 0.000000000000000000e+00
6.886997564640000291e-02 2.313113547310000073e-01 0.000000000000000000e+00
8.805956585650000223e-02 2.313113547310000073e-01 0.000000000000000000e+00
1.082913833170000006e-01 2.313113547310000073e-01 0.000000000000000000e+00
1.297284369870000120e-01 2.313113547310000073e-01 0.000000000000000000e+00
1.525626141330000130e-01 2.313113547310000073e-01 0.000000000000000000e+00
1.770219906140000077e-01 2.313113547310000073e-01 0.000000000000000000e+00
2.033804069019999883e-01 2.313113547310000073e-01 0.000000000000000000e+00
2.319701836539999895e-01 2.313113547310000073e-01 0.000000000000000000e+00
2.631992566979999837e-01 2.313113547310000073e-01 0.000000000000000000e+00
2.975746430189999958e-01 2.313113547310000073e-01 0.000000000000000000e+00
3.357351552200000255e-01 2.313113547310000073e-01 0.000000000000000000e+00
3.784979252510000114e-01 2.313113547310000073e-01 0.000000000000000000e+00
4.269260622259999916e-01 2.313113547310000073e-01 0.000000000000000000e+00
4.824295720830000245e-01 2.313113547310000073e-01 0.000000000000000000e+00
5.469203295140000476e-01 2.313113547310000073e-01 0.000000000000000000e+00
6.230581989500000306e-01 2.313113547310000073e-01 0.000000000000000000e+00
7.146576599530000129e-01 2.313113547310000073e-01 0.000000000000000000e+00
8.273919576770000228e-01 2.313113547310000073e-01 0.000000000000000000e+00
9.700840484089999771e-01 2.313113547300000017e-01 0.000000000000000000e+00
1.140830626210000087e+00 2.313113547300000017e-01 0.000000000000000000e+00
1.312664500969999981e+00 2.313113547300000017e-01 0.000000000000000000e+00
1.484498375720000096e+00 2.313113547300000017e-01 0.000000000000000000e+00
1.656332250479999990e+00 2.313113547300000017e-01 0.000000000000000000e+00
1.828166125240000106e+00 2.313113547300000017e-01 0.000000000000000000e+00
2.000000000000000000e+00 2.313113547300000017e-01 0.000000000000000000e+00
-4.756937031779999711e-17 3.768177062420000056e-01 0.000000000000000000e+00
1.624726554019999963e-02 3.768177062420000056e-01 0.000000000000000000e+00
3.307715158840000141e-02 3.768177062420000056e-01 0.000000000000000000e+00
5.058283026209999672e-02 3.768177062420000056e-01 0.000000000000000000e+00
6.886997564640000291e-02 3.768177062420000056e-01 0.000000000000000000e+00
8.805956585650000223e-02 3.768177062420000056e-01 0.000000000000000000e+00
1.082913833170000006e-01 3.768177062420000056e-01 0.000000000000000000e+00
1.297284369870000120e-01 3.768177062420000056e-01 0.000000000000000000e+00
1.525626141330000130e-01 3.768177062420000056e-01 0.000000000000000000e+00
1.770219906140000077e-01 3.768177062420000056e-01 0.000000000000000000e+00
2.033804069019999883e-01 3.768177062420000056e-01 0.000000000000000000e+00
2.319701836539999895e-01 3.768177062420000056e-01 0.000000000000000000e+00
2.631992566979999837e-01 3.768177062420000056e-01 0.000000000000000000e+00
2.975746430189999958e-01 3.768177062420000056e-01 0.000000000000000000e+00
3.357351552200000255e-01 3.768177062420000056e-01 0.000000000000000000e+00
3.784979252510000114e-01 3.768177062420000056e-01 0.000000000000000000e+00
4.269260622259999916e-01 3.768177062420000056e-01 0.000000000000000000e+00
4.824295720830000245e-01 3.768177062409999722e-01 0.000000000000000000e+00
5.469203295140000476e-01 3.768177062409999722e-01 0.000000000000000000e+00
6.230581989500000306e-01 3.768177062409999722e-01 0.000000000000000000e+00
7.146576599530000129e-01 3.768177062409999722e-01 0.000000000000000000e+00
8.273919576770000228e-01 3.768177062409999722e-01 0.000000000000000000e+00
9.700840484089999771e-01 3.768177062409999722e-01 0.000000000000000000e+00
1.140830626210000087e+00 3.768177062409999722e-01 0.000000000000000000e+00
1.312664500969999981e+00 3.768177062409999722e-01 0.000000000000000000e+00
1.484498375720000096e+00 3.768177062409999722e-01 0.000000000000000000e+00
1.656332250479999990e+00 3.768177062399999944e-01 0.000000000000000000e+00
1.828166125240000106e+00 3.768177062399999944e-01 0.000000000000000000e+00
2.000000000000000000e+00 3.768177062399999944e-01 0.000000000000000000e+00
0.000000000000000000e+00 6.138547925289999929e-01 0.000000000000000000e+00
1.624726554019999963e-02 6.138547925289999929e-01 0.000000000000000000e+00
3.307715158840000141e-02 6.138547925289999929e-01 0.000000000000000000e+00
5.058283026209999672e-02 6.138547925289999929e-01 0.000000000000000000e+00
6.886997564640000291e-02 6.138547925289999929e-01 0.000000000000000000e+00
8.805956585650000223e-02 6.138547925289999929e-01 0.000000000000000000e+00
1.082913833170000006e-01 6.138547925289999929e-01 0.000000000000000000e+00
1.297284369870000120e-01 6.138547925289999929e-01 0.000000000000000000e+00
1.525626141330000130e-01 6.138547925289999929e-01 0.000000000000000000e+00
1.770219906140000077e-01 6.138547925289999929e-01 0.000000000000000000e+00
2.033804069019999883e-01 6.138547925289999929e-01 0.000000000000000000e+00
2.319701836539999895e-01 6.138547925289999929e-01 0.000000000000000000e+00
2.631992566979999837e-01 6.138547925289999929e-01 0.000000000000000000e+00
2.975746430189999958e-01 6.138547925289999929e-01 0.000000000000000000e+00
3.357351552200000255e-01 6.138547925289999929e-01 0.000000000000000000e+00
3.784979252510000114e-01 6.138547925289999929e-01 0.000000000000000000e+00
4.269260622259999916e-01 6.138547925289999929e-01 0.000000000000000000e+00
4.824295720830000245e-01 6.138547925289999929e-01 0.000000000000000000e+00
5.469203295140000476e-01 6.138547925289999929e-01 0.000000000000000000e+00
6.230581989500000306e-01 6.138547925289999929e-01 0.000000000000000000e+00
7.146576599530000129e-01 6.138547925289999929e-01 0.000000000000000000e+00
8.273919576770000228e-01 6.138547925289999929e-01 0.000000000000000000e+00
9.700840484089999771e-01 6.138547925289999929e-01 0.000000000000000000e+00
1.140830626210000087e+00 6.138547925280000150e-01 0.000000000000000000e+00
1.312664500969999981e+00 6.138547925280000150e-01 0.000000000000000000e+00
1.484498375720000096e+00 6.138547925280000150e-01 0.000000000000000000e+00
1.656332250479999990e+00 6.138547925280000150e-01 0.000000000000000000e+00
1.828166125240000106e+00 6.138547925280000150e-01 0.000000000000000000e+00
2.000000000000000000e+00 6.138547925280000150e-01 0.000000000000000000e+00
0.000000000000000000e+00 1.000000000000000000e+00 0.000000000000000000e+00
1.624726554019999963e-02 1.000000000000000000e+00 0.000000000000000000e+00
3.307715158840000141e-02 1.000000000000000000e+00 0.000000000000000000e+00
5.058283026209999672e-02 1.000000000000000000e+00 0.000000000000000000e+00
6.886997564640000291e-02 1.000000000000000000e+00 0.000000000000000000e+00
8.805956585650000223e-02 1.000000000000000000e+00 0.000000000000000000e+00
1.082913833170000006e-01 1.000000000000000000e+00 0.000000000000000000e+00
1.297284369870000120e-01 1.000000000000000000e+00 0.000000000000000000e+00
1.525626141330000130e-01 1.000000000000000000e+00 0.000000000000000000e+00
1.770219906140000077e-01 1.000000000000000000e+00 0.000000000000000000e+00
2.033804069019999883e-01 1.000000000000000000e+00 0.000000000000000000e+00
2.319701836539999895e-01 1.000000000000000000e+00 0.000000000000000000e+00
2.631992566979999837e-01 1.000000000000000000e+00 0.000000000000000000e+00
2.975746430189999958e-01 1.000000000000000000e+00 0.000000000000000000e+00
3.357351552200000255e-01 1.000000000000000000e+00 0.000000000000000000e+00
3.784979252510000114e-01 1.000000000000000000e+00 0.000000000000000000e+00
4.269260622259999916e-01 1.000000000000000000e+00 0.000000000000000000e+00
4.824295720830000245e-01 1.000000000000000000e+00 0.000000000000000000e+00
5.469203295140000476e-01 1.000000000000000000e+00 0.000000000000000000e+00
6.230581989500000306e-01 1.000000000000000000e+00 0.000000000000000000e+00
7.146576599530000129e-01 1.000000000000000000e+00 0.000000000000000000e+00
8.273919576770000228e-01 1.000000000000000000e+00 0.000000000000000000e+00
9.700840484089999771e-01 1.000000000000000000e+00 0.000000000000000000e+00
1.140830626210000087e+00 1.000000000000000000e+00 0.000000000000000000e+00
1.312664500969999981e+00 1.000000000000000000e+00 0.000000000000000000e+00
1.484498375720000096e+00 1.000000000000000000e+00 0.000000000000000000e+00
1.656332250479999990e+00 1.000000000000000000e+00 0.000000000000000000e+00
1.828166125240000106e+00 1.000000000000000000e+00 0.000000000000000000e+00
2.000000000000000000e+00 1.000000000000000000e+00 0.000000000000000000e+00
