#  x                   y                    theta                d/R
 -7.728864575156e-03  -2.536291751586e-18  -1.880209072971e-14   1.041235107365e-01
 -7.726643758562e-03   1.140145479373e-04   8.453965955590e-01   1.039264162189e-01
 -7.725732928828e-03   2.281061084453e-04   1.691195074299e+00   1.041570954878e-01
 -7.720757270896e-03   3.421276419852e-04   2.537271121861e+00   1.040476934343e-01
 -7.716815027979e-03   4.564004213486e-04   3.384737257121e+00   1.043285476876e-01
 -7.709132139099e-03   5.705875475627e-04   4.232999970676e+00   1.043170249445e-01
 -7.702064782813e-03   6.852109807941e-04   5.083910779472e+00   1.046406379069e-01
 -7.691684299548e-03   7.999022155101e-04   5.937173267246e+00   1.047379495192e-01
 -7.681355002764e-03   9.152174133665e-04   6.794640594697e+00   1.050979972449e-01
 -7.668217756222e-03   1.030749664529e-03   7.655719224985e+00   1.053119277875e-01
 -7.654522781326e-03   1.146929532584e-03   8.521622921883e+00   1.057102838849e-01
 -7.638502397466e-03   1.263382343539e-03   9.391505071979e+00   1.060395776775e-01
 -7.621433683612e-03   1.380246299439e-03   1.026504332911e+01   1.064867294575e-01
 -7.602431870808e-03   1.497214783173e-03   1.114119276093e+01   1.069227657479e-01
 -7.582078628702e-03   1.614316323244e-03   1.201948914925e+01   1.074325291403e-01
 -7.560033041201e-03   1.731341581722e-03   1.289901254117e+01   1.079641493560e-01
 -7.536520492266e-03   1.848210550679e-03   1.377894431822e+01   1.085477111784e-01
 -7.511456479547e-03   1.964793797372e-03   1.465860039711e+01   1.091676702008e-01
 -7.484906339277e-03   2.081049478915e-03   1.553767520122e+01   1.098316643954e-01
 -7.456862273479e-03   2.196929294259e-03   1.641594673346e+01   1.105366719690e-01
 -7.427347799552e-03   2.312404503163e-03   1.729327207015e+01   1.112845106945e-01
 -7.396375453742e-03   2.427455662529e-03   1.816959284339e+01   1.120757466334e-01
 -7.363953534327e-03   2.542064647618e-03   1.904486790502e+01   1.129103630076e-01
 -7.330096511073e-03   2.656211097099e-03   1.991902483235e+01   1.137890125007e-01
 -7.294811299754e-03   2.769900501824e-03   2.079218599911e+01   1.147125619164e-01
 -7.258116746785e-03   2.883109408686e-03   2.166424029431e+01   1.156820790341e-01
 -7.220023076877e-03   2.995820082984e-03   2.253513620650e+01   1.166976752748e-01
 -7.180537855872e-03   3.108030949215e-03   2.340493787806e+01   1.177599709558e-01
 -7.139678717986e-03   3.219726100298e-03   2.427358081659e+01   1.188701330506e-01
 -7.097465384641e-03   3.330881129233e-03   2.514093403521e+01   1.200290082181e-01
 -7.053913729784e-03   3.441473770301e-03   2.600689042325e+01   1.212369319322e-01
 -7.009036129672e-03   3.551492177314e-03   2.687142106460e+01   1.224943448117e-01
 -6.962859196552e-03   3.660913497775e-03   2.773437594680e+01   1.238027264350e-01
 -6.915398434507e-03   3.769726165287e-03   2.859571140481e+01   1.251627625500e-01
 -6.866669996835e-03   3.877914751706e-03   2.945535437410e+01   1.265749036841e-01
 -6.816697353318e-03   3.985456279208e-03   3.031315594536e+01   1.280398798875e-01
 -6.765507746671e-03   4.092330748166e-03   3.116896934105e+01   1.295589352563e-01
 -6.713120641947e-03   4.198527302580e-03   3.202272989753e+01   1.311329002543e-01
 -6.659555254832e-03   4.304031602061e-03   3.287434963099e+01   1.327622390773e-01
 -6.604844803676e-03   4.408817855821e-03   3.372361384987e+01   1.344480791175e-01
 -6.549011645749e-03   4.512877097058e-03   3.457044898702e+01   1.361913933096e-01
 -6.492073740005e-03   4.616205352164e-03   3.541482540184e+01   1.379929817492e-01
 -6.434067195500e-03   4.718772861895e-03   3.625648360147e+01   1.398535351524e-01
 -6.375018733420e-03   4.820568816819e-03   3.709531158415e+01   1.417740186106e-01
 -6.314941386428e-03   4.921602884929e-03   3.793136967060e+01   1.437555368079e-01
 -6.253872010625e-03   5.021847105964e-03   3.876439683410e+01   1.457985672684e-01
 -6.191842773099e-03   5.121285814533e-03   3.959422014175e+01   1.479039044695e-01
 -6.128864936061e-03   5.219934788961e-03   4.042093098495e+01   1.500727980994e-01
 -6.064963702280e-03   5.317787699324e-03   4.124443137067e+01   1.523060350751e-01
 -6.000163510890e-03   5.414842533893e-03   4.206464669031e+01   1.546046396775e-01
 -5.934480470471e-03   5.511108085378e-03   4.288159461791e+01   1.569697470434e-01
 -5.867942987980e-03   5.606574820069e-03   4.369513438110e+01   1.594019933166e-01
 -5.800580405500e-03   5.701234378204e-03   4.450512448379e+01   1.619020865338e-01
 -5.732410404210e-03   5.795094515948e-03   4.531155915097e+01   1.644710587886e-01
 -5.663451813679e-03   5.888161403364e-03   4.611441469264e+01   1.671099064935e-01
 -5.593734518722e-03   5.980427185732e-03   4.691353984937e+01   1.698192359034e-01
 -5.523274567037e-03   6.071902061266e-03   4.770893795222e+01   1.726000813166e-01
 -5.452102199234e-03   6.162577762916e-03   4.850044873306e+01   1.754528703898e-01
 -5.380247067180e-03   6.252447593780e-03   4.928792115799e+01   1.783779877344e-01
 -5.307722553090e-03   6.341525700430e-03   5.007138234142e+01   1.813764620550e-01
 -5.234569388993e-03   6.429792798690e-03   5.085056236913e+01   1.844481374253e-01
 -5.160819812098e-03   6.517241001685e-03   5.162528784494e+01   1.875931018884e-01
 -5.086491607899e-03   6.603880808827e-03   5.239554123909e+01   1.908120931157e-01
 -5.011638829524e-03   6.689679829647e-03   5.316092637667e+01   1.941040530053e-01
 -4.936295872536e-03   6.774629998645e-03   5.392125921296e+01   1.974686614259e-01
 -4.860489679106e-03   6.858732923890e-03   5.467643634870e+01   2.009059271042e-01
 -4.784265001652e-03   6.941969948242e-03   5.542617581905e+01   2.044148241953e-01
 -4.707658073251e-03   7.024334131803e-03   5.617029180330e+01   2.079947503760e-01
 -4.630724670727e-03   7.105797717846e-03   5.690841274159e+01   2.116439513981e-01
 -4.553500445279e-03   7.186355597399e-03   5.764036991386e+01   2.153614821082e-01
 -4.476030451068e-03   7.265994516923e-03   5.836591417455e+01   2.191459449462e-01
 -4.398374868363e-03   7.344684761182e-03   5.908465697639e+01   2.229947830065e-01
 -4.320553762494e-03   7.422440265029e-03   5.979659600845e+01   2.269075468929e-01
 -4.242607640338e-03   7.499252175767e-03   6.050153430041e+01   2.308824011336e-01
 -4.164560789848e-03   7.575129303792e-03   6.119942955155e+01   2.349184104380e-01
 -4.086453834183e-03   7.650063548163e-03   6.189009149541e+01   2.390135743178e-01
 -4.008290274425e-03   7.724082865826e-03   6.257366039547e+01   2.431678350758e-01
 -3.930091166829e-03   7.797197348898e-03   6.325011623342e+01   2.473801367900e-01
 -3.851873731821e-03   7.869420188121e-03   6.391947029398e+01   2.516495674330e-01
 -3.773629235948e-03   7.940787432445e-03   6.458194970485e+01   2.559765909823e-01
 -3.695373314160e-03   8.011311736277e-03   6.523756750537e+01   2.603603280275e-01
 -3.617088447231e-03   8.081034046690e-03   6.588660664334e+01   2.648016711420e-01
 -3.538767874309e-03   8.149984954157e-03   6.652925165614e+01   2.693010516094e-01
 -3.460398665672e-03   8.218197447302e-03   6.716572399913e+01   2.738590590048e-01
 -3.381953930135e-03   8.285716910734e-03   6.779635158333e+01   2.784773876858e-01
 -3.303418167792e-03   8.352575475580e-03   6.842135380092e+01   2.831568904230e-01
 -3.224771603671e-03   8.418808099883e-03   6.904097547112e+01   2.878987927541e-01
 -3.145961375492e-03   8.484475837965e-03   6.965570798168e+01   2.927064096905e-01
 -3.066979183921e-03   8.549599919522e-03   7.026567847212e+01   2.975803234820e-01
 -2.987775414588e-03   8.614234652135e-03   7.087132363982e+01   3.025237713375e-01
 -2.908303385082e-03   8.678429731213e-03   7.147304014457e+01   3.075399176744e-01
 -2.828538465854e-03   8.742215200352e-03   7.207104361820e+01   3.126306073954e-01
 -2.748430025084e-03   8.805640320785e-03   7.266573241232e+01   3.177994107511e-01
 -2.667916591912e-03   8.868761405199e-03   7.325756873193e+01   3.230508019597e-01
 -2.586947440750e-03   8.931624151519e-03   7.384691758327e+01   3.283886744136e-01
 -2.505477584216e-03   8.994268002912e-03   7.443408712800e+01   3.338166415707e-01
 -2.423434564219e-03   9.056751821039e-03   7.501956731076e+01   3.393402932493e-01
 -2.340755636798e-03   9.119125013268e-03   7.560375902100e+01   3.449647439337e-01
 -2.257378238393e-03   9.181435025238e-03   7.618704419673e+01   3.506952528223e-01
 -2.173229743371e-03   9.243734979060e-03   7.676985680104e+01   3.565379394753e-01
 -2.088231653566e-03   9.306080388971e-03   7.735265108988e+01   3.624995311360e-01
 -2.002294436027e-03   9.368532619867e-03   7.793593449257e+01   3.685877307265e-01
 -1.915325813789e-03   9.431152977423e-03   7.852020903035e+01   3.748107064991e-01
 -1.827229309890e-03   9.494002813647e-03   7.910597908753e+01   3.811770813809e-01
 -1.737875594970e-03   9.557165747832e-03   7.969394010996e+01   3.876983492359e-01
 -1.647166928203e-03   9.620699740611e-03   8.028454751840e+01   3.943839425905e-01
 -1.554984094958e-03   9.684673794351e-03   8.087836683806e+01   4.012449423788e-01
 -1.461154552276e-03   9.749194650532e-03   8.147627335652e+01   4.082973433685e-01
 -1.365559854712e-03   9.814324291726e-03   8.207875239662e+01   4.155529317013e-01
 -1.267999300721e-03   9.880181545558e-03   8.268677032391e+01   4.230307524594e-01
 -1.168315918335e-03   9.946849637004e-03   8.330096796768e+01   4.307467708045e-01
 -1.066295468547e-03   1.001444690300e-02   8.392228928750e+01   4.387220292797e-01
 -9.617104202336e-04   1.008309620234e-02   8.455169674779e+01   4.469793727858e-01
 -8.543266958958e-04   1.015292296691e-02   8.519012667933e+01   4.555433719617e-01
 -7.438966448149e-04   1.022405216893e-02   8.583852249414e+01   4.644398871535e-01
 -6.301574408526e-04   1.029662588545e-02   8.649784445533e+01   4.736986859054e-01
 -5.128200719424e-04   1.037077061481e-02   8.716910983249e+01   4.833488557936e-01
 -3.915589743849e-04   1.044669668488e-02   8.785346696233e+01   4.934331770157e-01
 -2.660605366107e-04   1.052446047879e-02   8.855185929354e+01   5.039747106177e-01
 -1.354673762738e-04   1.060477633591e-02   8.926813291172e+01   5.150916490414e-01
 -2.223915496202e-15   1.068686816346e-02   8.999999999999e+01   5.266954519225e-01
