# 1:pos.x 2:pos.y 3:pos.z 4:volume 5:rho 6:vel.x 7:vel.y 8:vel.z 9:p 10:a 11:mu 12:k 13:k_modes[0] 14:mu_t 15:k_t 16:S 17:massf[0]-N2 18:massf[1]-N 19:dt_chem 20:u 21:T 22:u_modes[0] 23:T_modes[0] 24:dt_therm
-1.499298866373164826e-02 1.396970860006242852e-03 0.000000000000000000e+00 2.458770562812822147e-07 2.406584564857112279e-03 4.999999999676334483e+03 8.439026773569232488e-09 0.000000000000000000e+00 5.000000086961089778e+02 5.336164586422560205e+02 1.687225710190764190e-05 2.485725227013712776e-02 1.783834841421463182e-05 0.000000000000000000e+00 0.000000000000000000e+00 0.000000000000000000e+00 1.000000000000000000e+00 0.000000000000000000e+00 2.252100620077947706e-07 2.096851403305107960e+05 7.000000121123285908e+02 8.652867051939831072e+03 6.999998480512589367e+02 2.252100620077947706e-07
-1.474086955805778421e-02 1.387212734540897588e-03 0.000000000000000000e+00 2.441590463336602714e-07 2.406584565399932842e-03 4.999999998349876478e+03 4.314259788953474958e-08 0.000000000000000000e+00 5.000000210470448110e+02 5.336164684368324060e+02 1.687225710190764190e-05 2.485725227013712776e-02 1.783834841421463182e-05 0.000000000000000000e+00 0.000000000000000000e+00 0.000000000000000000e+00 1.000000000000000000e+00 0.000000000000000000e+00 2.252100620077947706e-07 2.096851530437121401e+05 7.000000292457492606e+02 8.652854376242847138e+03 6.999996332410668174e+02 2.252100620077947706e-07
-1.448875046699992127e-02 1.377454609641244783e-03 0.000000000000000000e+00 2.424410363860384869e-07 2.406584565941636243e-03 4.999999997480326783e+03 6.676683716110177144e-08 0.000000000000000000e+00 5.000000326812012759e+02 5.336164799788709843e+02 1.687225710190764190e-05 2.485725227013712776e-02 1.783834841421463182e-05 0.000000000000000000e+00 0.000000000000000000e+00 0.000000000000000000e+00 1.000000000000000000e+00 0.000000000000000000e+00 2.252100620077947706e-07 2.096851650125522865e+05 7.000000453760037544e+02 8.652842455753245304e+03 6.999994312289130676e+02 2.252100620077947706e-07
-1.423663139087078151e-02 1.367696485319400612e-03 0.000000000000000000e+00 2.407230264384143730e-07 2.406584566301582691e-03 4.999999996700921656e+03 8.882840704827768881e-08 0.000000000000000000e+00 5.000000416440685171e+02 5.336164885186935862e+02 1.687225710190764190e-05 2.485725227013712776e-02 1.783834841421463182e-05 0.000000000000000000e+00 0.000000000000000000e+00 0.000000000000000000e+00 1.000000000000000000e+00 0.000000000000000000e+00 2.252100620077947706e-07 2.096851742456409847e+05 7.000000578193206593e+02 8.652833252805872689e+03 6.999992752698343565e+02 2.252100620077947706e-07
-1.398451232999222901e-02 1.357938361587834267e-03 0.000000000000000000e+00 2.390050164907940178e-07 2.406584566684973493e-03 4.999999995939513610e+03 1.109984651076829066e-07 0.000000000000000000e+00 5.000000511645969823e+02 5.336164970084432753e+02 1.687225710190764190e-05 2.485725227013712776e-02 1.783834841421463182e-05 0.000000000000000000e+00 0.000000000000000000e+00 0.000000000000000000e+00 1.000000000000000000e+00 0.000000000000000000e+00 2.252100620077947706e-07 2.096851840529774781e+05 7.000000710365441137e+02 8.652823479617254634e+03 6.999991096469726699e+02 2.252100620077947706e-07
-1.373239328469563064e-02 1.348180238459354080e-03 0.000000000000000000e+00 2.372870065431692157e-07 2.406584567102066068e-03 4.999999995068467797e+03 1.366941554555090928e-07 0.000000000000000000e+00 5.000000618013760914e+02 5.336165063852545245e+02 1.687225710190764190e-05 2.485725227013712776e-02 1.783834841421463182e-05 0.000000000000000000e+00 0.000000000000000000e+00 0.000000000000000000e+00 1.000000000000000000e+00 0.000000000000000000e+00 2.252100620077947706e-07 2.096851950126200682e+05 7.000000858067157878e+02 8.652812553494826716e+03 6.999989244856086543e+02 2.252100620077947706e-07
-1.348027425532205038e-02 1.338422115947159345e-03 0.000000000000000000e+00 2.355689965955489665e-07 2.406584567556242695e-03 4.999999994142454852e+03 1.645609680005406486e-07 0.000000000000000000e+00 5.000000729965477149e+02 5.336165164321948851e+02 1.687225710190764190e-05 2.485725227013712776e-02 1.783834841421463182e-05 0.000000000000000000e+00 0.000000000000000000e+00 0.000000000000000000e+00 1.000000000000000000e+00 0.000000000000000000e+00 2.252100620077947706e-07 2.096852065443260944e+05 7.000001013478502045e+02 8.652801068557959297e+03 6.999987298540459051e+02 2.252100620077947706e-07
-1.322815524222224065e-02 1.328663994064834897e-03 0.000000000000000000e+00 2.338509866479301465e-07 2.406584568009992146e-03 4.999999993212322806e+03 1.933720888400802040e-07 0.000000000000000000e+00 5.000000842507419634e+02 5.336165265936871265e+02 1.687225710190764190e-05 2.485725227013712776e-02 1.783834841421463182e-05 0.000000000000000000e+00 0.000000000000000000e+00 0.000000000000000000e+00 1.000000000000000000e+00 0.000000000000000000e+00 2.252100620077947706e-07 2.096852181374380598e+05 7.000001169717406810e+02 8.652789498350943177e+03 6.999985337772812954e+02 2.252100620077947706e-07
-1.297603624575753394e-02 1.318905872826365861e-03 0.000000000000000000e+00 2.321329767003038886e-07 2.406584568495246778e-03 4.999999992222099536e+03 2.246292204158017206e-07 0.000000000000000000e+00 5.000000962864393159e+02 5.336165373558133069e+02 1.687225710190764190e-05 2.485725227013712776e-02 1.783834841421463182e-05 0.000000000000000000e+00 0.000000000000000000e+00 0.000000000000000000e+00 1.000000000000000000e+00 0.000000000000000000e+00 2.252100620077947706e-07 2.096852305355888093e+05 7.000001336805715937e+02 8.652777183533076823e+03 6.999983250816572991e+02 2.252100620077947706e-07
-1.272391726630014118e-02 1.309147752246154562e-03 0.000000000000000000e+00 2.304149667526844599e-07 2.406584568983500313e-03 4.999999991224603946e+03 2.570973996476232140e-07 0.000000000000000000e+00 5.000001082250488480e+02 5.336165482197000074e+02 1.687225710190764190e-05 2.485725227013712776e-02 1.783834841421463182e-05 0.000000000000000000e+00 0.000000000000000000e+00 0.000000000000000000e+00 1.000000000000000000e+00 0.000000000000000000e+00 2.252100620077947706e-07 2.096852428322357009e+05 7.000001502526072272e+02 8.652764835084162769e+03 6.999981158159125698e+02 2.252100620077947706e-07
-1.247179830423314657e-02 1.299389632339017055e-03 0.000000000000000000e+00 2.286969568050631254e-07 2.406584569476624951e-03 4.999999990224747307e+03 2.906513667414357889e-07 0.000000000000000000e+00 5.000001202607566029e+02 5.336165590420355329e+02 1.687225710190764190e-05 2.485725227013712776e-02 1.783834841421463182e-05 0.000000000000000000e+00 0.000000000000000000e+00 0.000000000000000000e+00 1.000000000000000000e+00 0.000000000000000000e+00 2.252100620077947706e-07 2.096852552286986029e+05 7.000001669591634936e+02 8.652752684650607989e+03 6.999979099057072744e+02 2.252100620077947706e-07
-1.221967935995179645e-02 1.289631513120288514e-03 0.000000000000000000e+00 2.269789468574303029e-07 2.406584569970877160e-03 4.999999989216982613e+03 3.255739327712094619e-07 0.000000000000000000e+00 5.000001321503129930e+02 5.336165701497166083e+02 1.687225710190764190e-05 2.485725227013712776e-02 1.783834841421463182e-05 0.000000000000000000e+00 0.000000000000000000e+00 0.000000000000000000e+00 1.000000000000000000e+00 0.000000000000000000e+00 2.252100620077947706e-07 2.096852674730936706e+05 7.000001834607799083e+02 8.652740021739637086e+03 6.999976953104984432e+02 2.252100620077947706e-07
-1.196756043386238734e-02 1.279873394605636743e-03 0.000000000000000000e+00 2.252609369098222827e-07 2.406584570394810184e-03 4.999999988364370438e+03 3.576237874404230610e-07 0.000000000000000000e+00 5.000001422297427212e+02 5.336165793144433565e+02 1.687225710190764190e-05 2.485725227013712776e-02 1.783834841421463182e-05 0.000000000000000000e+00 0.000000000000000000e+00 0.000000000000000000e+00 1.000000000000000000e+00 0.000000000000000000e+00 2.252100620077947706e-07 2.096852778522759618e+05 7.000001974486725658e+02 8.652730421502510580e+03 6.999975326175402870e+02 2.252100620077947706e-07
-1.171544152638507447e-02 1.270115276811377902e-03 0.000000000000000000e+00 2.235429269621939601e-07 2.406584570824709356e-03 4.999999987528082784e+03 3.901879017174420790e-07 0.000000000000000000e+00 5.000001526120674953e+02 5.336165890712362625e+02 1.687225710190764190e-05 2.485725227013712776e-02 1.783834841421463182e-05 0.000000000000000000e+00 0.000000000000000000e+00 0.000000000000000000e+00 1.000000000000000000e+00 0.000000000000000000e+00 2.252100620077947706e-07 2.096852885448229790e+05 7.000002118588830626e+02 8.652718165123331346e+03 6.999973249114043483e+02 2.252100620077947706e-07
-1.146332263795195490e-02 1.260357159754207619e-03 0.000000000000000000e+00 2.218249170145706668e-07 2.406584571329677819e-03 4.999999986379123584e+03 4.313753618082758917e-07 0.000000000000000000e+00 5.000001658251566710e+02 5.336165997027258072e+02 1.687225710190764190e-05 2.485725227013712776e-02 1.783834841421463182e-05 0.000000000000000000e+00 0.000000000000000000e+00 0.000000000000000000e+00 1.000000000000000000e+00 0.000000000000000000e+00 2.252100620077947706e-07 2.096853021618129860e+05 7.000002302103282545e+02 8.652708707924719420e+03 6.999971646422404774e+02 2.252100620077947706e-07
-1.121120376900897574e-02 1.250599043451387912e-03 0.000000000000000000e+00 2.201069070669479294e-07 2.406584571622252377e-03 4.999999985884838679e+03 4.595764050990369174e-07 0.000000000000000000e+00 5.000001711655026497e+02 5.336166079919735239e+02 1.687225710190764190e-05 2.485725227013712776e-02 1.783834841421463182e-05 0.000000000000000000e+00 0.000000000000000000e+00 1.000000000000000000e+00 1.000000000000000000e+00 0.000000000000000000e+00 2.252100620077947706e-07 2.096853076463071338e+05 7.000002376017117740e+02 8.652695672786816431e+03 6.999969437383158493e+02 2.252100620077947706e-07
-1.095908492001609717e-02 1.240840927920730053e-03 0.000000000000000000e+00 2.183888971193283683e-07 2.775587668078051146e-03 4.554932958215710642e+03 5.768345121797389119e+00 0.000000000000000000e+00 2.184039245412506261e+03 1.032075521662927940e+03 1.687225710190764190e-05 2.485725227013712776e-02 1.783834841421463182e-05 0.000000000000000000e+00 0.000000000000000000e+00 1.000000000000000000e+00 9.999981084183938718e-01 1.891581606181494177e-06 2.252100620077947706e-07 1.657523766920196824e+06 2.651147127025246391e+03 2.104614904709802431e+04 8.584641970627124010e+02 2.252100620077947706e-07
-1.070696609144795863e-02 1.231082813180607799e-03 0.000000000000000000e+00 2.166708871717073779e-07 1.170068981019624713e-02 9.613101501431700626e+02 6.115923669939704865e+01 0.000000000000000000e+00 3.898775445421954646e+04 2.082683147029130851e+03 1.687225710190764190e-05 2.485725227013712776e-02 1.783834841421463182e-05 0.000000000000000000e+00 0.000000000000000000e+00 1.000000000000000000e+00 9.999278417579924305e-01 7.215824200754033266e-05 2.252100620077947706e-07 8.022447206375715323e+06 1.122572972576846041e+04 7.428969374634261476e+05 3.823651257479745709e+03 1.757713574688539559e-08
-1.045484728379430378e-02 1.221324699249950454e-03 0.000000000000000000e+00 2.149528772240803523e-07 1.635759585615578424e-02 7.105139547838099361e+02 6.733965630634185118e+01 0.000000000000000000e+00 5.219536527695869154e+04 2.021764791598723605e+03 1.687225710190764190e-05 2.485725227013712776e-02 1.783834841421463182e-05 0.000000000000000000e+00 0.000000000000000000e+00 0.000000000000000000e+00 9.990340029122174448e-01 9.659970877824475581e-04 2.252100620077947706e-07 7.693826478914557956e+06 1.074044573319900883e+04 1.774952126841095043e+06 7.004760508379674320e+03 2.810864259694227293e-08
-1.020272849756046277e-02 1.211566586148344346e-03 0.000000000000000000e+00 2.132348672764594943e-07 1.732408583782693579e-02 6.596817785102506377e+02 6.816704959442674294e+01 0.000000000000000000e+00 5.250797130430254037e+04 1.949771741022569586e+03 1.687225710190764190e-05 2.485725227013712776e-02 1.783834841421463182e-05 0.000000000000000000e+00 0.000000000000000000e+00 0.000000000000000000e+00 9.963722380563824199e-01 3.627761943617609144e-03 2.252100620077947706e-07 7.367619679444298148e+06 1.017492950067668608e+04 2.384628279355797451e+06 8.520135512188913708e+03 6.384081733723984857e-08
-9.950609733268590829e-03 1.201808473895990331e-03 0.000000000000000000e+00 2.115168573288387420e-07 1.817759221813681353e-02 6.141079257319621547e+02 6.784201648091222125e+01 0.000000000000000000e+00 5.320263354329935100e+04 1.907662865973916496e+03 1.687225710190764190e-05 2.485725227013712776e-02 1.783834841421463182e-05 0.000000000000000000e+00 0.000000000000000000e+00 0.000000000000000000e+00 9.925060054424145184e-01 7.493994557585525844e-03 2.252100620077947706e-07 7.215708134305549785e+06 9.787763576471959823e+03 2.598405071281844284e+06 8.971342524211308046e+03 6.931886343528274680e-08
-9.698490991457734203e-03 1.192050362513750409e-03 0.000000000000000000e+00 2.097988473812180428e-07 1.863761965188473826e-02 5.865563084972017123e+02 6.644426772304781537e+01 0.000000000000000000e+00 5.359323158005916775e+04 1.886227557296803752e+03 1.687225710190764190e-05 2.485725227013712776e-02 1.783834841421463182e-05 0.000000000000000000e+00 0.000000000000000000e+00 0.000000000000000000e+00 9.876805507722111743e-01 1.231944922778876149e-02 2.252100620077947706e-07 7.223256651469964534e+06 9.570421870572226908e+03 2.734473228716667276e+06 9.239751808362791053e+03 8.798447450540423196e-08
-9.446372272684551777e-03 1.182292252023175267e-03 0.000000000000000000e+00 2.080808374335952259e-07 1.906158008128865794e-02 5.589238931182042052e+02 6.510399347011977511e+01 0.000000000000000000e+00 5.394231512183885934e+04 1.870495859106194757e+03 1.687225710190764190e-05 2.485725227013712776e-02 1.783834841421463182e-05 0.000000000000000000e+00 0.000000000000000000e+00 0.000000000000000000e+00 9.823722863298737229e-01 1.762771367012633261e-02 2.252100620077947706e-07 7.259532001783956774e+06 9.369381450187156588e+03 2.761260654147769324e+06 9.295466158918728979e+03 1.296390477013206210e-07
-9.194253577524590104e-03 1.172534142446530515e-03 0.000000000000000000e+00 2.063628274859688357e-07 1.938730550957872348e-02 5.352228814145152000e+02 6.377505740606094520e+01 0.000000000000000000e+00 5.416598039751316537e+04 1.859212731294342575e+03 1.687225710190764190e-05 2.485725227013712776e-02 1.783834841421463182e-05 0.000000000000000000e+00 0.000000000000000000e+00 0.000000000000000000e+00 9.768934167331576601e-01 2.310658326684223579e-02 2.252100620077947706e-07 7.325525090865941718e+06 9.200627277619563756e+03 2.751062782172284555e+06 9.282581998526391544e+03 1.369281709626238029e-07
-8.942134906572370145e-03 1.162776033806827477e-03 0.000000000000000000e+00 2.046448175383516039e-07 1.966782670303187514e-02 5.139267230183396578e+02 6.213937169245906489e+01 0.000000000000000000e+00 5.438030411831095989e+04 1.850810302171771809e+03 1.687225710190764190e-05 2.485725227013712776e-02 1.783834841421463182e-05 0.000000000000000000e+00 0.000000000000000000e+00 0.000000000000000000e+00 9.715329824727485519e-01 2.846701752725149664e-02 2.252100620077947706e-07 7.406472059895835817e+06 9.057827654238961259e+03 2.723993259222069290e+06 9.238184025578542787e+03 1.261815011493627998e-07
-8.690016260442790658e-03 1.153017926127872413e-03 0.000000000000000000e+00 2.029268075907267224e-07 1.992543107008817871e-02 4.945602533465936403e+02 6.093682593375618239e+01 0.000000000000000000e+00 5.457532621339440811e+04 1.843815711275829926e+03 1.687225710190764190e-05 2.485725227013712776e-02 1.783834841421463182e-05 0.000000000000000000e+00 0.000000000000000000e+00 0.000000000000000000e+00 9.665631859978078833e-01 3.343681400219210981e-02 2.252100620077947706e-07 7.484456986627535895e+06 8.929637907131294924e+03 2.682163076308728661e+06 9.165174567336925975e+03 1.282650537606441871e-07
-8.437897639771948718e-03 1.143259819434294059e-03 0.000000000000000000e+00 2.012087976431030586e-07 2.017247314526730492e-02 4.758090660577013864e+02 6.096660369781828592e+01 0.000000000000000000e+00 5.475494638084885810e+04 1.837451788737382230e+03 1.687225710190764190e-05 2.485725227013712776e-02 1.783834841421463182e-05 0.000000000000000000e+00 0.000000000000000000e+00 0.000000000000000000e+00 9.620147328487352878e-01 3.798526715126469833e-02 2.252100620077947706e-07 7.554331415615718812e+06 8.810533062999726098e+03 2.631932013993675355e+06 9.074544812676356742e+03 1.338742137241161879e-07
-8.185779045217184829e-03 1.133501713751508067e-03 0.000000000000000000e+00 1.994907876954869386e-07 2.041057106988120040e-02 4.576133588870384870e+02 6.134679336711490549e+01 0.000000000000000000e+00 5.493293791241920553e+04 1.831692154748497160e+03 1.687225710190764190e-05 2.485725227013712776e-02 1.783834841421463182e-05 0.000000000000000000e+00 0.000000000000000000e+00 0.000000000000000000e+00 9.576249850691884724e-01 4.237501493081150677e-02 2.252100620077947706e-07 7.624373946871303022e+06 8.699270593878278305e+03 2.579049075341514777e+06 8.976988690968571973e+03 1.409370522768942135e-07
-7.933660477459482038e-03 1.123743609105904567e-03 0.000000000000000000e+00 1.977727777478599395e-07 2.063055056072183799e-02 4.396876066874605726e+02 6.137349064663774811e+01 0.000000000000000000e+00 5.510652440089942684e+04 1.826791010393701072e+03 1.687225710190764190e-05 2.485725227013712776e-02 1.783834841421463182e-05 0.000000000000000000e+00 0.000000000000000000e+00 0.000000000000000000e+00 9.530144043205800441e-01 4.698559567942002524e-02 2.252100620077947706e-07 7.707728559545607306e+06 8.595688299339286459e+03 2.527345650241478346e+06 8.880332719536456352e+03 1.488841441529363692e-07
-7.681541937203020115e-03 1.113985505524707660e-03 0.000000000000000000e+00 1.960547678002379167e-07 2.082185980543846057e-02 4.216780502054311341e+02 6.085724088623937433e+01 0.000000000000000000e+00 5.526214116442679369e+04 1.822923395321255612e+03 1.687225710190764190e-05 2.485725227013712776e-02 1.783834841421463182e-05 0.000000000000000000e+00 0.000000000000000000e+00 0.000000000000000000e+00 9.481311882023893967e-01 5.186881179761061028e-02 2.252100620077947706e-07 7.807202017801504582e+06 8.501112707959282488e+03 2.477819294342240784e+06 8.786827699380070044e+03 1.574931588588678341e-07
-7.429423425177206913e-03 1.104227403036163631e-03 0.000000000000000000e+00 1.943367578526184351e-07 2.101844166068291345e-02 4.044684526319215934e+02 5.871267265839105676e+01 0.000000000000000000e+00 5.542061744694942900e+04 1.818880745260250478e+03 1.687225710190764190e-05 2.485725227013712776e-02 1.783834841421463182e-05 0.000000000000000000e+00 0.000000000000000000e+00 0.000000000000000000e+00 9.436458230791525681e-01 5.635417692084753599e-02 2.252100620077947706e-07 7.895186315019596368e+06 8.409892705432997900e+03 2.429105889265505597e+06 8.692964230715764643e+03 1.666334769889345639e-07
-7.177304942137635937e-03 1.094469301669524254e-03 0.000000000000000000e+00 1.926187479049913566e-07 2.123331536062143463e-02 3.874181238407732621e+02 5.405857707653196087e+01 0.000000000000000000e+00 5.557342669348990603e+04 1.813897782095168395e+03 1.687225710190764190e-05 2.485725227013712776e-02 1.783834841421463182e-05 0.000000000000000000e+00 0.000000000000000000e+00 0.000000000000000000e+00 9.401606815395437966e-01 5.983931846045624503e-02 2.252100620077947706e-07 7.949406995691332966e+06 8.320290731860366577e+03 2.381473450573413167e+06 8.598430399059099727e+03 1.758874644265794847e-07
-6.925186488866595484e-03 1.084711201455044191e-03 0.000000000000000000e+00 1.909007379573737807e-07 2.144002387882447749e-02 3.715318133520817696e+02 4.954700643003002369e+01 0.000000000000000000e+00 5.570301755914673413e+04 1.808829403152190707e+03 1.687225710190764190e-05 2.485725227013712776e-02 1.783834841421463182e-05 0.000000000000000000e+00 0.000000000000000000e+00 0.000000000000000000e+00 9.374229804632577823e-01 6.257701953674227324e-02 2.252100620077947706e-07 7.982995754952940159e+06 8.238007845913220081e+03 2.336197399985539727e+06 8.506278297331527938e+03 1.855886317699543188e-07
-6.673068066175259598e-03 1.074953102424144272e-03 0.000000000000000000e+00 1.891827280097508315e-07 2.163979235333423831e-02 3.568493891748124724e+02 4.717964944582129050e+01 0.000000000000000000e+00 5.582531768550428387e+04 1.803937055751968273e+03 1.687225710190764190e-05 2.485725227013712776e-02 1.783834841421463182e-05 0.000000000000000000e+00 0.000000000000000000e+00 0.000000000000000000e+00 9.348353136413983799e-01 6.516468635860162006e-02 2.252100620077947706e-07 8.014511216509100981e+06 8.160006728897908943e+03 2.293171211694416590e+06 8.417332682655229291e+03 1.955155854960271975e-07
-6.420949674904362879e-03 1.065195004609355116e-03 0.000000000000000000e+00 1.874647180621283853e-07 2.183357981137445253e-02 3.427775191135118575e+02 4.658670529464976084e+01 0.000000000000000000e+00 5.594638895102679817e+04 1.799315754979179246e+03 1.687225710190764190e-05 2.485725227013712776e-02 1.783834841421463182e-05 0.000000000000000000e+00 0.000000000000000000e+00 0.000000000000000000e+00 9.318886407132624949e-01 6.811135928673754669e-02 2.252100620077947706e-07 8.059033486903452314e+06 8.082761070574958467e+03 2.252492394770556130e+06 8.332841510296795605e+03 2.056608369420330575e-07
-6.168831315925722703e-03 1.055436908044412973e-03 0.000000000000000000e+00 1.857467081145034508e-07 2.200078297108177747e-02 3.284681117826328887e+02 4.684864074256820032e+01 0.000000000000000000e+00 5.605042899513433804e+04 1.795541010768240540e+03 1.687225710190764190e-05 2.485725227013712776e-02 1.783834841421463182e-05 0.000000000000000000e+00 0.000000000000000000e+00 0.000000000000000000e+00 9.284802621288719138e-01 7.151973787112805847e-02 2.252100620077947706e-07 8.123449546249179170e+06 8.010687521376446966e+03 2.214730199520979542e+06 8.254532873594571356e+03 2.155307851897007714e-07
-5.916712990143770112e-03 1.045678812764338009e-03 0.000000000000000000e+00 1.840286981668846574e-07 2.214860571257000824e-02 3.142828482772647476e+02 4.743017542894497751e+01 0.000000000000000000e+00 5.615077454447737546e+04 1.792502217926659796e+03 1.687225710190764190e-05 2.485725227013712776e-02 1.783834841421463182e-05 0.000000000000000000e+00 0.000000000000000000e+00 0.000000000000000000e+00 9.248613576837708683e-01 7.513864231622907619e-02 2.252100620077947706e-07 8.199653718391328119e+06 7.944636852746752083e+03 2.179129382083307020e+06 8.180580419528578204e+03 2.252100620077947706e-07
-5.664594698496861272e-03 1.035920718805431913e-03 0.000000000000000000e+00 1.823106882192607818e-07 2.228737644069973128e-02 2.998982071575661621e+02 4.873422146334281280e+01 0.000000000000000000e+00 5.625634014470579859e+04 1.789945577863927156e+03 1.687225710190764190e-05 2.485725227013712776e-02 1.783834841421463182e-05 0.000000000000000000e+00 0.000000000000000000e+00 0.000000000000000000e+00 9.209337749027799447e-01 7.906622509722001368e-02 2.252100620077947706e-07 8.288511152675617486e+06 7.881222522066729653e+03 2.144625711683299392e+06 8.108926676410824257e+03 2.252100620077947706e-07
-5.412476441959378215e-03 1.026162626205420801e-03 0.000000000000000000e+00 1.805926782716401090e-07 2.241413137659210159e-02 2.850752911595185424e+02 4.971429281817403023e+01 0.000000000000000000e+00 5.636296523952900316e+04 1.787936209134495357e+03 1.687225710190764190e-05 2.485725227013712776e-02 1.783834841421463182e-05 0.000000000000000000e+00 0.000000000000000000e+00 0.000000000000000000e+00 9.166148902365066631e-01 8.338510976349333692e-02 2.252100620077947706e-07 8.392711434323444963e+06 7.820206484342221302e+03 2.110732056019841228e+06 8.038724342733830781e+03 2.252100620077947706e-07
-5.160358221542830394e-03 1.016404535003448276e-03 0.000000000000000000e+00 1.788746683240146716e-07 2.256362400711763722e-02 2.702691112367400592e+02 4.993390551522401921e+01 0.000000000000000000e+00 5.648920450029778294e+04 1.785308097924981666e+03 1.687225710190764190e-05 2.485725227013712776e-02 1.783834841421463182e-05 0.000000000000000000e+00 0.000000000000000000e+00 0.000000000000000000e+00 9.127135846249875284e-01 8.728641537501241610e-02 2.252100620077947706e-07 8.481309583870718256e+06 7.757857630912323657e+03 2.076962824379565893e+06 7.967416113842701634e+03 2.252100620077947706e-07
-4.908240038298138444e-03 1.006646445240190783e-03 0.000000000000000000e+00 1.771566583763953223e-07 2.275046533855435218e-02 2.545604905377904572e+02 5.005708384717294024e+01 0.000000000000000000e+00 5.663409855156691629e+04 1.781427579198962803e+03 1.687225710190764190e-05 2.485725227013712776e-02 1.783834841421463182e-05 0.000000000000000000e+00 0.000000000000000000e+00 0.000000000000000000e+00 9.098277344518990173e-01 9.017226554810088557e-02 2.252100620077947706e-07 8.532994402685040608e+06 7.693460731656879034e+03 2.043391474857399473e+06 7.893973170453526109e+03 2.252100620077947706e-07
-4.656121893317316865e-03 9.968883569579116075e-04 0.000000000000000000e+00 1.754386484287723996e-07 2.294769046593401335e-02 2.386416285748670703e+02 5.040924846373621193e+01 0.000000000000000000e+00 5.677594415782131546e+04 1.777041638753028110e+03 1.687225710190764190e-05 2.485725227013712776e-02 1.783834841421463182e-05 0.000000000000000000e+00 0.000000000000000000e+00 0.000000000000000000e+00 9.077260231262822554e-01 9.227397687371785562e-02 2.252100620077947706e-07 8.559391893553553149e+06 7.631729303930686001e+03 2.010912694133640500e+06 7.820860385020218018e+03 2.252100620077947706e-07
-4.404003787735592118e-03 9.871302702005586675e-04 0.000000000000000000e+00 1.737206384811507739e-07 2.313778709933703159e-02 2.228136212315485238e+02 5.056285815346276991e+01 0.000000000000000000e+00 5.691992797802432324e+04 1.772932351289184680e+03 1.687225710190764190e-05 2.485725227013712776e-02 1.783834841421463182e-05 0.000000000000000000e+00 0.000000000000000000e+00 0.000000000000000000e+00 9.060444716390549935e-01 9.395552836094506199e-02 2.252100620077947706e-07 8.576115267614783719e+06 7.576559121679593773e+03 1.980374687700314214e+06 7.750836588667619253e+03 2.252100620077947706e-07
-4.151885722733589246e-03 9.773721850138156891e-04 0.000000000000000000e+00 1.720026285335271894e-07 2.332262678385733923e-02 2.070439438077975467e+02 5.011926816415633823e+01 0.000000000000000000e+00 5.705189848226837057e+04 1.768868853256498369e+03 1.687225710190764190e-05 2.485725227013712776e-02 1.783834841421463182e-05 0.000000000000000000e+00 0.000000000000000000e+00 0.000000000000000000e+00 9.043388991701736268e-01 9.566110082982631768e-02 2.252100620077947706e-07 8.594267633938442916e+06 7.522211799859383973e+03 1.950797259376854636e+06 7.682518384856219200e+03 2.252100620077947706e-07
-3.899767699539483795e-03 9.676141014452264554e-04 0.000000000000000000e+00 1.702846185859060137e-07 2.352342590998939345e-02 1.922583315518507732e+02 4.824305554499417070e+01 0.000000000000000000e+00 5.721630850323053892e+04 1.764835711110571310e+03 1.687225710190764190e-05 2.485725227013712776e-02 1.783834841421463182e-05 0.000000000000000000e+00 0.000000000000000000e+00 0.000000000000000000e+00 9.019632682109770538e-01 9.803673178902289065e-02 2.252100620077947706e-07 8.632214232273239642e+06 7.463311298707080823e+03 1.920865647432078607e+06 7.614109621991027780e+03 2.252100620077947706e-07
-3.647649719431622552e-03 9.578560195442634368e-04 0.000000000000000000e+00 1.685666086382839909e-07 2.367153010371739891e-02 1.764983471885322217e+02 4.603131122936097341e+01 0.000000000000000000e+00 5.730604125215538807e+04 1.761794451131600681e+03 1.687225710190764190e-05 2.485725227013712776e-02 1.783834841421463182e-05 0.000000000000000000e+00 0.000000000000000000e+00 0.000000000000000000e+00 8.983162856465484181e-01 1.016837143534516374e-01 2.252100620077947706e-07 8.713682134118240327e+06 7.403657333928394110e+03 1.891378693792013219e+06 7.548962730122166249e+03 2.252100620077947706e-07
-3.395531783740933507e-03 9.480979393624428247e-04 0.000000000000000000e+00 1.668485986906611740e-07 2.379571612138287745e-02 1.630525791339747173e+02 4.499101287801302362e+01 0.000000000000000000e+00 5.738380612990976078e+04 1.759428400225433506e+03 1.687225710190764190e-05 2.485725227013712776e-02 1.783834841421463182e-05 0.000000000000000000e+00 0.000000000000000000e+00 0.000000000000000000e+00 8.947595180177285723e-01 1.052404819822713028e-01 2.252100620077947706e-07 8.797467388865476474e+06 7.351279756430933958e+03 1.863933540183225414e+06 7.488267117386451901e+03 2.252100620077947706e-07
-3.143413893853763425e-03 9.383398609534171226e-04 0.000000000000000000e+00 1.651305887430395219e-07 2.395328708838042470e-02 1.487454904836895935e+02 4.376021373005117709e+01 0.000000000000000000e+00 5.747799809798902425e+04 1.755920269989323515e+03 1.687225710190764190e-05 2.485725227013712776e-02 1.783834841421463182e-05 0.000000000000000000e+00 0.000000000000000000e+00 0.000000000000000000e+00 8.925127861089655612e-01 1.074872138910343833e-01 2.252100620077947706e-07 8.836625999115655199e+06 7.300068841303334921e+03 1.838547151309718611e+06 7.429444520258643934e+03 2.252100620077947706e-07
-2.891296051214777875e-03 9.285817843731121891e-04 0.000000000000000000e+00 1.634125787954163609e-07 2.410018609480782739e-02 1.353884145510550923e+02 4.360596479427705674e+01 0.000000000000000000e+00 5.750598580833170126e+04 1.751797470030276372e+03 1.687225710190764190e-05 2.485725227013712776e-02 1.783834841421463182e-05 0.000000000000000000e+00 0.000000000000000000e+00 0.000000000000000000e+00 8.906592675049073149e-01 1.093407324950926712e-01 2.252100620077947706e-07 8.860683174595901743e+06 7.246976611831712944e+03 1.812755352767078904e+06 7.368286272933427426e+03 2.252100620077947706e-07
-2.639178257329975307e-03 9.188237096798034572e-04 0.000000000000000000e+00 1.616945688477957146e-07 2.426744499327421895e-02 1.224134553070560827e+02 4.315576286564645159e+01 0.000000000000000000e+00 5.755374935683273361e+04 1.747367449555031044e+03 1.687225710190764190e-05 2.485725227013712776e-02 1.783834841421463182e-05 0.000000000000000000e+00 0.000000000000000000e+00 0.000000000000000000e+00 8.883900073338043546e-01 1.116099926661957009e-01 2.252100620077947706e-07 8.894895074509346858e+06 7.188301552494714997e+03 1.785037612391883275e+06 7.302695187332535170e+03 2.252100620077947706e-07
-2.387060513770136120e-03 9.090656369342985143e-04 0.000000000000000000e+00 1.599765589001721566e-07 2.441355882729998733e-02 1.093247665320507593e+02 4.219742894033128522e+01 0.000000000000000000e+00 5.757673905624389590e+04 1.743416966147791982e+03 1.687225710190764190e-05 2.485725227013712776e-02 1.783834841421463182e-05 0.000000000000000000e+00 0.000000000000000000e+00 0.000000000000000000e+00 8.855358415042596798e-01 1.144641584957403202e-01 2.252100620077947706e-07 8.949500466107714921e+06 7.129827599267221558e+03 1.757745869827513350e+06 7.239079576237365472e+03 2.252100620077947706e-07
-2.134942822174164603e-03 8.993075662000241631e-04 0.000000000000000000e+00 1.582585489525503985e-07 2.454719265626460062e-02 9.692082504114294750e+01 4.115336959654523241e+01 0.000000000000000000e+00 5.759517696480434824e+04 1.739837696596006481e+03 1.687225710190764190e-05 2.485725227013712776e-02 1.783834841421463182e-05 0.000000000000000000e+00 0.000000000000000000e+00 0.000000000000000000e+00 8.827588688819892893e-01 1.172411311180107524e-01 2.252100620077947706e-07 9.004645531430466101e+06 7.075653102162962568e+03 1.731823054939769907e+06 7.178403101754490308e+03 2.252100620077947706e-07
-1.882825184252961276e-03 8.895494975431984851e-04 0.000000000000000000e+00 1.565405390049275552e-07 2.469197455966289090e-02 8.478960951910497101e+01 4.032727617446691681e+01 0.000000000000000000e+00 5.761853255661583535e+04 1.735959935818743816e+03 1.687225710190764190e-05 2.485725227013712776e-02 1.783834841421463182e-05 0.000000000000000000e+00 0.000000000000000000e+00 0.000000000000000000e+00 8.801147904482934381e-01 1.198852095517066729e-01 2.252100620077947706e-07 9.054322795752603561e+06 7.020402726097245250e+03 1.705747996084026061e+06 7.116607915583573231e+03 2.252100620077947706e-07
-1.630707601793358105e-03 8.797914310329838210e-04 0.000000000000000000e+00 1.548225290573066971e-07 2.484328713851271728e-02 7.299665749223777311e+01 3.964693280790496033e+01 0.000000000000000000e+00 5.763632728122422850e+04 1.731852125019549931e+03 1.687225710190764190e-05 2.485725227013712776e-02 1.783834841421463182e-05 0.000000000000000000e+00 0.000000000000000000e+00 0.000000000000000000e+00 8.772941437152396160e-01 1.227058562847603562e-01 2.252100620077947706e-07 9.107877851768570021e+06 6.962262833309913731e+03 1.678521211427974049e+06 7.051788131816950226e+03 2.252100620077947706e-07
-1.378590076662381805e-03 8.700333667416414868e-04 0.000000000000000000e+00 1.531045191096831656e-07 2.500735039784198269e-02 6.151458714001669392e+01 3.907382379532306516e+01 0.000000000000000000e+00 5.766281542566652934e+04 1.727525534228195284e+03 1.687225710190764190e-05 2.485725227013712776e-02 1.783834841421463182e-05 0.000000000000000000e+00 0.000000000000000000e+00 0.000000000000000000e+00 8.742664103742374682e-01 1.257335896257625596e-01 2.252100620077947706e-07 9.166299001808773726e+06 6.901153727814829836e+03 1.650006095805308782e+06 6.983601596002109545e+03 2.252100620077947706e-07
-1.126472610811814863e-03 8.602753047447127266e-04 0.000000000000000000e+00 1.513865091620620163e-07 2.517416026657518999e-02 5.005612284998672123e+01 3.843063617512627417e+01 0.000000000000000000e+00 5.767034172251015843e+04 1.722919096733950028e+03 1.687225710190764190e-05 2.485725227013712776e-02 1.783834841421463182e-05 0.000000000000000000e+00 0.000000000000000000e+00 0.000000000000000000e+00 8.710570837488342821e-01 1.289429162511656901e-01 2.252100620077947706e-07 9.228506164923211560e+06 6.836828908035446148e+03 1.620115020980940666e+06 6.911683714016537124e+03 2.252100620077947706e-07
-8.743552062830543857e-04 8.505172451212095327e-04 0.000000000000000000e+00 1.496684992144388554e-07 2.536794375111771013e-02 3.931535444208718388e+01 3.785714745046703911e+01 0.000000000000000000e+00 5.771162823500196828e+04 1.718053330925863065e+03 1.687225710190764190e-05 2.485725227013712776e-02 1.783834841421463182e-05 0.000000000000000000e+00 0.000000000000000000e+00 0.000000000000000000e+00 8.673807240689868081e-01 1.326192759310131364e-01 2.252100620077947706e-07 9.302949896249003708e+06 6.767422256159273275e+03 1.587959276590772904e+06 6.834283386308025001e+03 2.252100620077947706e-07
-6.222378652123192015e-04 8.407591879538128376e-04 0.000000000000000000e+00 1.479504892668176267e-07 2.553167984682114255e-02 2.781489696366016773e+01 3.673419081717555912e+01 0.000000000000000000e+00 5.766041936157741293e+04 1.713068938257706805e+03 1.687225710190764190e-05 2.485725227013712776e-02 1.783834841421463182e-05 0.000000000000000000e+00 0.000000000000000000e+00 0.000000000000000000e+00 8.627906154594142674e-01 1.372093845405857881e-01 2.252100620077947706e-07 9.403547415537981316e+06 6.690939982968994627e+03 1.552202600507476600e+06 6.748798876156734877e+03 2.252100620077947706e-07
-3.701205898362153386e-04 8.310011333290892458e-04 0.000000000000000000e+00 1.462324793191944128e-07 2.577612608080426942e-02 1.917497421206133978e+01 3.547392993688841045e+01 0.000000000000000000e+00 5.777025082767994172e+04 1.708193903531109754e+03 1.687225710190764190e-05 2.485725227013712776e-02 1.783834841421463182e-05 0.000000000000000000e+00 0.000000000000000000e+00 0.000000000000000000e+00 8.563315821188618449e-01 1.436684178811382384e-01 2.252100620077947706e-07 9.559655078374611214e+06 6.602609919522297787e+03 1.510185183708694531e+06 6.650240979648166103e+03 2.252100620077947706e-07
-1.180033824977064157e-04 8.212430813377213186e-04 0.000000000000000000e+00 1.445144693715732900e-07 2.590525167024901321e-02 5.665197213493515349e+00 3.591032568874081932e+01 0.000000000000000000e+00 5.775515310632140609e+04 1.707284607993842656e+03 1.687225710190764190e-05 2.485725227013712776e-02 1.783834841421463182e-05 0.000000000000000000e+00 0.000000000000000000e+00 0.000000000000000000e+00 8.386182918003250997e-01 1.613817081996749281e-01 2.252100620077947706e-07 1.006918752612396516e+07 6.467807783322391515e+03 1.439747088678281289e+06 6.501785103192006318e+03 2.252100620077947706e-07
