# 1:pos.x 2:pos.y 3:pos.z 4:volume 5:rho 6:vel.x 7:vel.y 8:vel.z 9:p 10:a 11:mu 12:k 13:k_modes[0] 14:mu_t 15:k_t 16:S 17:massf[0]-N2 18:massf[1]-N 19:dt_chem 20:u 21:T 22:u_modes[0] 23:T_modes[0] 24:dt_therm
-1.499298866373164826e-02 1.396970860006242852e-03 0.000000000000000000e+00 2.458770562812822147e-07 2.406584564853779876e-03 4.999999999683655005e+03 8.248277109598681048e-09 0.000000000000000000e+00 5.000000086954344738e+02 5.336164586316829173e+02 1.687225710190764190e-05 2.485725227013712776e-02 1.783834841421463182e-05 0.000000000000000000e+00 0.000000000000000000e+00 0.000000000000000000e+00 1.000000000000000000e+00 0.000000000000000000e+00 2.280392807159730262e-07 2.096851403305294225e+05 7.000000121123536019e+02 8.652867051939831072e+03 6.999998480512589367e+02 2.280392807159730262e-07
-1.474086955805778421e-02 1.387212734540897588e-03 0.000000000000000000e+00 2.441590463336602714e-07 2.406584565394985411e-03 4.999999998346163011e+03 4.323444244715694861e-08 0.000000000000000000e+00 5.000000210456888112e+02 5.336164683830418198e+02 1.687225710190764190e-05 2.485725227013712776e-02 1.783834841421463182e-05 0.000000000000000000e+00 0.000000000000000000e+00 0.000000000000000000e+00 1.000000000000000000e+00 0.000000000000000000e+00 2.280392807159730262e-07 2.096851530433712760e+05 7.000000292452898520e+02 8.652854376242847138e+03 6.999996332410668174e+02 2.280392807159730262e-07
-1.448875046699992127e-02 1.377454609641244783e-03 0.000000000000000000e+00 2.424410363860384869e-07 2.406584565939764043e-03 4.999999997482984327e+03 6.669080803707214702e-08 0.000000000000000000e+00 5.000000326807908095e+02 5.336164799453850947e+02 1.687225710190764190e-05 2.485725227013712776e-02 1.783834841421463182e-05 0.000000000000000000e+00 0.000000000000000000e+00 0.000000000000000000e+00 1.000000000000000000e+00 0.000000000000000000e+00 2.280392807159730262e-07 2.096851650125299348e+05 7.000000453759736274e+02 8.652842455753245304e+03 6.999994312289130676e+02 2.280392807159730262e-07
-1.423663139087078151e-02 1.367696485319400612e-03 0.000000000000000000e+00 2.407230264384143730e-07 2.406584566298474066e-03 4.999999996702749741e+03 8.877393195687693346e-08 0.000000000000000000e+00 5.000000416433168198e+02 5.336164884914932145e+02 1.687225710190764190e-05 2.485725227013712776e-02 1.783834841421463182e-05 0.000000000000000000e+00 0.000000000000000000e+00 0.000000000000000000e+00 1.000000000000000000e+00 0.000000000000000000e+00 2.280392807159730262e-07 2.096851742455310887e+05 7.000000578191725253e+02 8.652833252805872689e+03 6.999992752698343565e+02 2.280392807159730262e-07
-1.398451232999222901e-02 1.357938361587834267e-03 0.000000000000000000e+00 2.390050164907940178e-07 2.406584566682360132e-03 4.999999995942133864e+03 1.109200581473709233e-07 0.000000000000000000e+00 5.000000511639643150e+02 5.336164969805797682e+02 1.687225710190764190e-05 2.485725227013712776e-02 1.783834841421463182e-05 0.000000000000000000e+00 0.000000000000000000e+00 0.000000000000000000e+00 1.000000000000000000e+00 0.000000000000000000e+00 2.280392807159730262e-07 2.096851840528843459e+05 7.000000710364186034e+02 8.652823479617254634e+03 6.999991096469726699e+02 2.280392807159730262e-07
-1.373239328469563064e-02 1.348180238459354080e-03 0.000000000000000000e+00 2.372870065431692157e-07 2.406584567099008184e-03 4.999999995071088961e+03 1.366140987547260426e-07 0.000000000000000000e+00 5.000000618006313857e+02 5.336165063536835760e+02 1.687225710190764190e-05 2.485725227013712776e-02 1.783834841421463182e-05 0.000000000000000000e+00 0.000000000000000000e+00 0.000000000000000000e+00 1.000000000000000000e+00 0.000000000000000000e+00 2.280392807159730262e-07 2.096851950125064468e+05 7.000000858065626517e+02 8.652812553494826716e+03 6.999989244856086543e+02 2.280392807159730262e-07
-1.348027425532205038e-02 1.338422115947159345e-03 0.000000000000000000e+00 2.355689965955489665e-07 2.406584567553273282e-03 4.999999994145204255e+03 1.644745227942730470e-07 0.000000000000000000e+00 5.000000729958195507e+02 5.336165163989526263e+02 1.687225710190764190e-05 2.485725227013712776e-02 1.783834841421463182e-05 0.000000000000000000e+00 0.000000000000000000e+00 0.000000000000000000e+00 1.000000000000000000e+00 0.000000000000000000e+00 2.280392807159730262e-07 2.096852065442106104e+05 7.000001013476945673e+02 8.652801068557959297e+03 6.999987298540459051e+02 2.280392807159730262e-07
-1.322815524222224065e-02 1.328663994064834897e-03 0.000000000000000000e+00 2.338509866479301465e-07 2.406584568006914747e-03 4.999999993215147697e+03 1.932811789359867386e-07 0.000000000000000000e+00 5.000000842499860028e+02 5.336165265599912573e+02 1.687225710190764190e-05 2.485725227013712776e-02 1.783834841421463182e-05 0.000000000000000000e+00 0.000000000000000000e+00 0.000000000000000000e+00 1.000000000000000000e+00 0.000000000000000000e+00 2.280392807159730262e-07 2.096852181373169878e+05 7.000001169715774267e+02 8.652789498350943177e+03 6.999985337772812954e+02 2.280392807159730262e-07
-1.297603624575753394e-02 1.318905872826365861e-03 0.000000000000000000e+00 2.321329767003038886e-07 2.406584568492106495e-03 4.999999992225066308e+03 2.245313673504556684e-07 0.000000000000000000e+00 5.000000962856237834e+02 5.336165373204140678e+02 1.687225710190764190e-05 2.485725227013712776e-02 1.783834841421463182e-05 0.000000000000000000e+00 0.000000000000000000e+00 0.000000000000000000e+00 1.000000000000000000e+00 0.000000000000000000e+00 2.280392807159730262e-07 2.096852305354193086e+05 7.000001336803431968e+02 8.652777183533076823e+03 6.999983250816572991e+02 2.280392807159730262e-07
-1.272391726630014118e-02 1.309147752246154562e-03 0.000000000000000000e+00 2.304149667526844599e-07 2.406584568980355693e-03 4.999999991227477040e+03 2.569993453556610263e-07 0.000000000000000000e+00 5.000001082243040855e+02 5.336165481840738494e+02 1.687225710190764190e-05 2.485725227013712776e-02 1.783834841421463182e-05 0.000000000000000000e+00 0.000000000000000000e+00 0.000000000000000000e+00 1.000000000000000000e+00 0.000000000000000000e+00 2.280392807159730262e-07 2.096852428321407060e+05 7.000001502524792159e+02 8.652764835084162769e+03 6.999981158159125698e+02 2.280392807159730262e-07
-1.247179830423314657e-02 1.299389632339017055e-03 0.000000000000000000e+00 2.286969568050631254e-07 2.406584569473450407e-03 4.999999990227653143e+03 2.905484811006950782e-07 0.000000000000000000e+00 5.000001202598532473e+02 5.336165590061223156e+02 1.687225710190764190e-05 2.485725227013712776e-02 1.783834841421463182e-05 0.000000000000000000e+00 0.000000000000000000e+00 0.000000000000000000e+00 1.000000000000000000e+00 0.000000000000000000e+00 2.280392807159730262e-07 2.096852552284452831e+05 7.000001669588220921e+02 8.652752684650607989e+03 6.999979099057072744e+02 2.280392807159730262e-07
-1.221967935995179645e-02 1.289631513120288514e-03 0.000000000000000000e+00 2.269789468574303029e-07 2.406584569967767234e-03 4.999999989219600138e+03 3.254760605383493406e-07 0.000000000000000000e+00 5.000001321496937408e+02 5.336165701153792043e+02 1.687225710190764190e-05 2.485725227013712776e-02 1.783834841421463182e-05 0.000000000000000000e+00 0.000000000000000000e+00 0.000000000000000000e+00 1.000000000000000000e+00 0.000000000000000000e+00 2.280392807159730262e-07 2.096852674731216102e+05 7.000001834608175386e+02 8.652740021739637086e+03 6.999976953104984432e+02 2.280392807159730262e-07
-1.196756043386238734e-02 1.279873394605636743e-03 0.000000000000000000e+00 2.252609369098222827e-07 2.406584570391855516e-03 4.999999988366884281e+03 3.575227239826911160e-07 0.000000000000000000e+00 5.000001422294427016e+02 5.336165792845931719e+02 1.687225710190764190e-05 2.485725227013712776e-02 1.783834841421463182e-05 0.000000000000000000e+00 0.000000000000000000e+00 0.000000000000000000e+00 1.000000000000000000e+00 0.000000000000000000e+00 2.280392807159730262e-07 2.096852778526019247e+05 7.000001974491119654e+02 8.652730421502510580e+03 6.999975326175402870e+02 2.280392807159730262e-07
-1.171544152638507447e-02 1.270115276811377902e-03 0.000000000000000000e+00 2.235429269621939601e-07 2.406584570821556929e-03 4.999999987530813087e+03 3.900857656781301416e-07 0.000000000000000000e+00 5.000001526132182335e+02 5.336165890398519878e+02 1.687225710190764190e-05 2.485725227013712776e-02 1.783834841421463182e-05 0.000000000000000000e+00 0.000000000000000000e+00 0.000000000000000000e+00 1.000000000000000000e+00 0.000000000000000000e+00 2.280392807159730262e-07 2.096852885466986627e+05 7.000002118614110032e+02 8.652718165123331346e+03 6.999973249114043483e+02 2.280392807159730262e-07
-1.146332263795195490e-02 1.260357159754207619e-03 0.000000000000000000e+00 2.218249170145706668e-07 2.406584571326662002e-03 4.999999986381190865e+03 4.312737976334765977e-07 0.000000000000000000e+00 5.000001658222761876e+02 5.336165996695901867e+02 1.687225710190764190e-05 2.485725227013712776e-02 1.783834841421463182e-05 0.000000000000000000e+00 0.000000000000000000e+00 0.000000000000000000e+00 1.000000000000000000e+00 0.000000000000000000e+00 2.280392807159730262e-07 2.096853021594716411e+05 7.000002302071728764e+02 8.652708707924719420e+03 6.999971646422404774e+02 2.280392807159730262e-07
-1.121120376900897574e-02 1.250599043451387912e-03 0.000000000000000000e+00 2.201069070669479294e-07 2.406584571619498070e-03 4.999999985886656759e+03 4.595022167527115373e-07 0.000000000000000000e+00 5.000001711595959932e+02 5.336166079655808971e+02 1.687225710190764190e-05 2.485725227013712776e-02 1.783834841421463182e-05 0.000000000000000000e+00 0.000000000000000000e+00 1.000000000000000000e+00 1.000000000000000000e+00 0.000000000000000000e+00 2.280392807159730262e-07 2.096853076407657645e+05 7.000002375942436856e+02 8.652695672786816431e+03 6.999969437383158493e+02 2.280392807159730262e-07
-1.095908492001609717e-02 1.240840927920730053e-03 0.000000000000000000e+00 2.183888971193283683e-07 3.512720477646480953e-03 3.963482907738105496e+03 1.060881773045690402e+01 0.000000000000000000e+00 5.240394107823754894e+03 1.411911877637231555e+03 1.687225710190764190e-05 2.485725227013712776e-02 1.783834841421463182e-05 0.000000000000000000e+00 0.000000000000000000e+00 1.000000000000000000e+00 9.999935751322892585e-01 6.424867710736682411e-06 2.280392807159730262e-07 3.420057398138961289e+06 5.026280592766417612e+03 4.558531775398617901e+04 1.063332171988688970e+03 2.280392807159730262e-07
-1.070696609144795863e-02 1.231082813180607799e-03 0.000000000000000000e+00 2.166708871717073779e-07 1.423607789317708240e-02 8.062724128915464235e+02 5.659816336034037931e+01 0.000000000000000000e+00 4.687890643923201424e+04 2.068664501879682575e+03 1.687225710190764190e-05 2.485725227013712776e-02 1.783834841421463182e-05 0.000000000000000000e+00 0.000000000000000000e+00 1.000000000000000000e+00 9.998826025583653632e-01 1.173974416347083917e-04 2.280392807159730262e-07 7.925862581044796854e+06 1.109341594589202396e+04 9.761654301371721085e+05 4.590047687172365841e+03 1.722807287082411447e-08
-1.045484728379430378e-02 1.221324699249950454e-03 0.000000000000000000e+00 2.149528772240803523e-07 1.665723344751383200e-02 6.806667378578936223e+02 6.151555211950105218e+01 0.000000000000000000e+00 5.262217006680623308e+04 2.006436460932424325e+03 1.687225710190764190e-05 2.485725227013712776e-02 1.783834841421463182e-05 0.000000000000000000e+00 0.000000000000000000e+00 0.000000000000000000e+00 9.986642114129513637e-01 1.335788587048587338e-03 2.280392807159730262e-07 7.624546188958944753e+06 1.062956043754540224e+04 1.963833732703696936e+06 7.510589297204846844e+03 3.375499197988310409e-08
-1.020272849756046277e-02 1.211566586148344346e-03 0.000000000000000000e+00 2.132348672764594943e-07 1.757372076085213577e-02 6.355995252484203775e+02 6.393821772850421326e+01 0.000000000000000000e+00 5.279761247382542206e+04 1.938634778000583538e+03 1.687225710190764190e-05 2.485725227013712776e-02 1.783834841421463182e-05 0.000000000000000000e+00 0.000000000000000000e+00 0.000000000000000000e+00 9.955299799819572470e-01 4.470020018042778973e-03 2.280392807159730262e-07 7.324671994121631607e+06 1.007726655216332438e+04 2.453079539170965552e+06 8.668763241528655271e+03 6.152911486647338360e-08
-9.950609733268590829e-03 1.201808473895990331e-03 0.000000000000000000e+00 2.115168573288387420e-07 1.835017595794756137e-02 5.958813797535092363e+02 6.470615274280929441e+01 0.000000000000000000e+00 5.353065441566303343e+04 1.903000347443420424e+03 1.687225710190764190e-05 2.485725227013712776e-02 1.783834841421463182e-05 0.000000000000000000e+00 0.000000000000000000e+00 0.000000000000000000e+00 9.909922036984856186e-01 9.007796301514395254e-03 2.280392807159730262e-07 7.233921778395110741e+06 9.740852347731010013e+03 2.646939571731171105e+06 9.068716932560739224e+03 7.219030536395316427e-08
-9.698490991457734203e-03 1.192050362513750409e-03 0.000000000000000000e+00 2.097988473812180428e-07 1.883673768521561265e-02 5.683495214920559420e+02 6.473573082332684692e+01 0.000000000000000000e+00 5.390985555598035717e+04 1.881629829330540588e+03 1.687225710190764190e-05 2.485725227013712776e-02 1.783834841421463182e-05 0.000000000000000000e+00 0.000000000000000000e+00 0.000000000000000000e+00 9.855182400310001922e-01 1.448175996899987369e-02 2.280392807159730262e-07 7.250252121901744045e+06 9.504896624557146424e+03 2.745138305116285570e+06 9.262087939038761760e+03 9.588869905708186718e-08
-9.446372272684551777e-03 1.182292252023175267e-03 0.000000000000000000e+00 2.080808374335952259e-07 1.927515095569267214e-02 5.416711521242216349e+02 6.446030285356043521e+01 0.000000000000000000e+00 5.425257856436641305e+04 1.866158340078350193e+03 1.687225710190764190e-05 2.485725227013712776e-02 1.783834841421463182e-05 0.000000000000000000e+00 0.000000000000000000e+00 0.000000000000000000e+00 9.798735324727257945e-01 2.012646752727423674e-02 2.280392807159730262e-07 7.292358462159299292e+06 9.296034857272252339e+03 2.746993387520496733e+06 9.271767587667563930e+03 1.685304118344698039e-07
-9.194253577524590104e-03 1.172534142446530515e-03 0.000000000000000000e+00 2.063628274859688357e-07 1.962321408453155530e-02 5.186163836946640231e+02 6.383290454290623472e+01 0.000000000000000000e+00 5.450390560511160584e+04 1.854682648327717516e+03 1.687225710190764190e-05 2.485725227013712776e-02 1.783834841421463182e-05 0.000000000000000000e+00 0.000000000000000000e+00 0.000000000000000000e+00 9.743427613401250964e-01 2.565723865987491747e-02 2.280392807159730262e-07 7.357583687886551954e+06 9.123981478317975416e+03 2.729978365560716949e+06 9.246222088028060170e+03 1.310277007494723251e-07
-8.942134906572370145e-03 1.162776033806827477e-03 0.000000000000000000e+00 2.046448175383516039e-07 1.992507130240924254e-02 4.973607273696942457e+02 6.300058886249237133e+01 0.000000000000000000e+00 5.474724066973622394e+04 1.846155096551517317e+03 1.687225710190764190e-05 2.485725227013712776e-02 1.783834841421463182e-05 0.000000000000000000e+00 0.000000000000000000e+00 0.000000000000000000e+00 9.690571828071479210e-01 3.094281719285215879e-02 2.280392807159730262e-07 7.434617731229105964e+06 8.979598863216806421e+03 2.695479280003257561e+06 9.187480282494154380e+03 1.272570217212085416e-07
-8.690016260442790658e-03 1.153017926127872413e-03 0.000000000000000000e+00 2.029268075907267224e-07 2.019487596399817050e-02 4.773533911917842261e+02 6.198544313382584647e+01 0.000000000000000000e+00 5.497673896912644705e+04 1.839457595729364130e+03 1.687225710190764190e-05 2.485725227013712776e-02 1.783834841421463182e-05 0.000000000000000000e+00 0.000000000000000000e+00 0.000000000000000000e+00 9.640296118564131156e-01 3.597038814358675951e-02 2.280392807159730262e-07 7.516148758781625889e+06 8.853594069830533044e+03 2.649671628131506033e+06 9.106241806150204866e+03 1.309749212581915485e-07
-8.437897639771948718e-03 1.143259819434294059e-03 0.000000000000000000e+00 2.012087976431030586e-07 2.044434331291996101e-02 4.580867508712972835e+02 6.084227748124190782e+01 0.000000000000000000e+00 5.520173815186884167e+04 1.833928681390959127e+03 1.687225710190764190e-05 2.485725227013712776e-02 1.783834841421463182e-05 0.000000000000000000e+00 0.000000000000000000e+00 0.000000000000000000e+00 9.591378609264927801e-01 4.086213907350720598e-02 2.280392807159730262e-07 7.602096254934552126e+06 8.740082628460771957e+03 2.599105765194439329e+06 9.014380086546290840e+03 1.373580040499350733e-07
-8.185779045217184829e-03 1.133501713751508067e-03 0.000000000000000000e+00 1.994907876954869386e-07 2.067303897960320533e-02 4.394419102629973963e+02 5.948453937459836283e+01 0.000000000000000000e+00 5.541595396216901281e+04 1.829318127325483601e+03 1.687225710190764190e-05 2.485725227013712776e-02 1.783834841421463182e-05 0.000000000000000000e+00 0.000000000000000000e+00 0.000000000000000000e+00 9.542343219891379347e-01 4.576567801086207921e-02 2.280392807159730262e-07 7.695538755481756292e+06 8.636251252864951311e+03 2.547781905699330382e+06 8.919506606799095607e+03 1.449131985705082144e-07
-7.933660477459482038e-03 1.123743609105904567e-03 0.000000000000000000e+00 1.977727777478599395e-07 2.087993724131312345e-02 4.214878016973204922e+02 5.772558373491721539e+01 0.000000000000000000e+00 5.561522997387376381e+04 1.825487024599242204e+03 1.687225710190764190e-05 2.485725227013712776e-02 1.783834841421463182e-05 0.000000000000000000e+00 0.000000000000000000e+00 0.000000000000000000e+00 9.493624617880388472e-01 5.063753821196120830e-02 2.280392807159730262e-07 7.794629007810523733e+06 8.541630832109942276e+03 2.497842562883703038e+06 8.825801695778971407e+03 1.530189537058763791e-07
-7.681541937203020115e-03 1.113985505524707660e-03 0.000000000000000000e+00 1.960547678002379167e-07 2.107548500594988092e-02 4.044919165489282591e+02 5.590887078078865358e+01 0.000000000000000000e+00 5.579913599116387923e+04 1.821892233949991805e+03 1.687225710190764190e-05 2.485725227013712776e-02 1.783834841421463182e-05 0.000000000000000000e+00 0.000000000000000000e+00 0.000000000000000000e+00 9.448309804946085633e-01 5.516901950539145755e-02 2.280392807159730262e-07 7.886881385881688446e+06 8.453898466742981327e+03 2.449665252592163160e+06 8.733742593612061683e+03 1.617751271653271085e-07
-7.429423425177206913e-03 1.104227403036163631e-03 0.000000000000000000e+00 1.943367578526184351e-07 2.127010709648302286e-02 3.879722175798603985e+02 5.516565662379016288e+01 0.000000000000000000e+00 5.596339558401805698e+04 1.817986220766847282e+03 1.687225710190764190e-05 2.485725227013712776e-02 1.783834841421463182e-05 0.000000000000000000e+00 0.000000000000000000e+00 0.000000000000000000e+00 9.408694926574275863e-01 5.913050734257236513e-02 2.280392807159730262e-07 7.961861449064379558e+06 8.369780444145229922e+03 2.402874350169430953e+06 8.642330746808380354e+03 1.706291117762473215e-07
-7.177304942137635937e-03 1.094469301669524254e-03 0.000000000000000000e+00 1.926187479049913566e-07 2.146173823888777865e-02 3.717357674326402162e+02 5.536464304871724096e+01 0.000000000000000000e+00 5.610707079472022451e+04 1.813856989043134263e+03 1.687225710190764190e-05 2.485725227013712776e-02 1.783834841421463182e-05 0.000000000000000000e+00 0.000000000000000000e+00 0.000000000000000000e+00 9.373654769200308046e-01 6.263452307996916768e-02 2.280392807159730262e-07 8.023249619554096833e+06 8.288919914241494553e+03 2.357406683081280906e+06 8.551640302075262298e+03 1.802286998924026644e-07
-6.925186488866595484e-03 1.084711201455044191e-03 0.000000000000000000e+00 1.909007379573737807e-07 2.164667861633815665e-02 3.558531830361906145e+02 5.578033678283170360e+01 0.000000000000000000e+00 5.623629801938992023e+04 1.809774036688409069e+03 1.687225710190764190e-05 2.485725227013712776e-02 1.783834841421463182e-05 0.000000000000000000e+00 0.000000000000000000e+00 0.000000000000000000e+00 9.340611908193900970e-01 6.593880918060990304e-02 2.280392807159730262e-07 8.080180971832640469e+06 8.211497075438264801e+03 2.313610852626182139e+06 8.462875581333055379e+03 1.900556252552871351e-07
-6.673068066175259598e-03 1.074953102424144272e-03 0.000000000000000000e+00 1.891827280097508315e-07 2.181968267605377543e-02 3.402290738657105749e+02 5.593825104027013850e+01 0.000000000000000000e+00 5.634544195918217883e+04 1.805861350425034288e+03 1.687225710190764190e-05 2.485725227013712776e-02 1.783834841421463182e-05 0.000000000000000000e+00 0.000000000000000000e+00 0.000000000000000000e+00 9.308114295250626835e-01 6.918857047493731649e-02 2.280392807159730262e-07 8.137633291504636407e+06 8.137391565072799494e+03 2.271835675756497309e+06 8.377162849200216442e+03 2.011314362118454775e-07
-6.420949674904362879e-03 1.065195004609355116e-03 0.000000000000000000e+00 1.874647180621283853e-07 2.199045597598701940e-02 3.250920504024526281e+02 5.502678274663193037e+01 0.000000000000000000e+00 5.644570782755612163e+04 1.801877310259939804e+03 1.687225710190764190e-05 2.485725227013712776e-02 1.783834841421463182e-05 0.000000000000000000e+00 0.000000000000000000e+00 0.000000000000000000e+00 9.277607286027771405e-01 7.223927139722285951e-02 2.280392807159730262e-07 8.189790851837401278e+06 8.065552861928373204e+03 2.231900808342340402e+06 8.294041893770632669e+03 2.107486774473935347e-07
-6.168831315925722703e-03 1.055436908044412973e-03 0.000000000000000000e+00 1.857467081145034508e-07 2.216109620240295022e-02 3.102173856810689472e+02 5.222241102989933381e+01 0.000000000000000000e+00 5.652925720354309306e+04 1.797555161351855986e+03 1.687225710190764190e-05 2.485725227013712776e-02 1.783834841421463182e-05 0.000000000000000000e+00 0.000000000000000000e+00 0.000000000000000000e+00 9.252073030378582530e-01 7.479269696214176089e-02 2.280392807159730262e-07 8.226489221288975328e+06 7.996252427629343401e+03 2.194650024176990613e+06 8.215035658736158439e+03 2.217786558240183832e-07
-5.916712990143770112e-03 1.045678812764338009e-03 0.000000000000000000e+00 1.840286981668846574e-07 2.231959461369638006e-02 2.962744043998188204e+02 4.879167027483988761e+01 0.000000000000000000e+00 5.660783013346938969e+04 1.793532095036705186e+03 1.687225710190764190e-05 2.485725227013712776e-02 1.783834841421463182e-05 0.000000000000000000e+00 0.000000000000000000e+00 0.000000000000000000e+00 9.231847911933785955e-01 7.681520880662140449e-02 2.280392807159730262e-07 8.251157672077048570e+06 7.935571105194985648e+03 2.161356629746905994e+06 8.143144098734518593e+03 2.280392807159730262e-07
-5.664594698496861272e-03 1.035920718805431913e-03 0.000000000000000000e+00 1.823106882192607818e-07 2.245791489501179627e-02 2.828174744113732118e+02 4.711888958062371557e+01 0.000000000000000000e+00 5.665664050976681028e+04 1.789800048216627829e+03 1.687225710190764190e-05 2.485725227013712776e-02 1.783834841421463182e-05 0.000000000000000000e+00 0.000000000000000000e+00 0.000000000000000000e+00 9.213269152794545391e-01 7.867308472054543311e-02 2.280392807159730262e-07 8.273839242884743959e+06 7.879900030345241248e+03 2.130660424436171073e+06 8.076139257831941904e+03 2.280392807159730262e-07
-5.412476441959378215e-03 1.026162626205420801e-03 0.000000000000000000e+00 1.805926782716401090e-07 2.261043318117235759e-02 2.703483583035515494e+02 4.605430604699564867e+01 0.000000000000000000e+00 5.674698353863062221e+04 1.786236274781561178e+03 1.687225710190764190e-05 2.485725227013712776e-02 1.783834841421463182e-05 0.000000000000000000e+00 0.000000000000000000e+00 0.000000000000000000e+00 9.190019721336659675e-01 8.099802786633400475e-02 2.280392807159730262e-07 8.311328469002144411e+06 7.822366482899182301e+03 2.100173390327407047e+06 8.009807726166524844e+03 2.280392807159730262e-07
-5.160358221542830394e-03 1.016404535003448276e-03 0.000000000000000000e+00 1.788746683240146716e-07 2.272877909981213529e-02 2.573731351795985347e+02 4.594752781418483067e+01 0.000000000000000000e+00 5.678891809024009126e+04 1.783430972018308239e+03 1.687225710190764190e-05 2.485725227013712776e-02 1.783834841421463182e-05 0.000000000000000000e+00 0.000000000000000000e+00 0.000000000000000000e+00 9.153612901177117234e-01 8.463870988228826275e-02 2.280392807159730262e-07 8.391817251511313021e+06 7.761247798101127046e+03 2.069466160712371580e+06 7.944831802712248646e+03 2.280392807159730262e-07
-4.908240038298138444e-03 1.006646445240190783e-03 0.000000000000000000e+00 1.771566583763953223e-07 2.280979772080848900e-02 2.446196677242977557e+02 4.631283250374278282e+01 0.000000000000000000e+00 5.683294098933914938e+04 1.782251703905327759e+03 1.687225710190764190e-05 2.485725227013712776e-02 1.783834841421463182e-05 0.000000000000000000e+00 0.000000000000000000e+00 0.000000000000000000e+00 9.105800838657868157e-01 8.941991613421315654e-02 2.280392807159730262e-07 8.516095470476770774e+06 7.705708013459513495e+03 2.039021995609631995e+06 7.882172381426293214e+03 2.280392807159730262e-07
-4.656121893317316865e-03 9.968883569579116075e-04 0.000000000000000000e+00 1.754386484287723996e-07 2.293369967521213110e-02 2.316045953035320508e+02 4.706049180627709205e+01 0.000000000000000000e+00 5.688245148533082101e+04 1.779349485697199270e+03 1.687225710190764190e-05 2.485725227013712776e-02 1.783834841421463182e-05 0.000000000000000000e+00 0.000000000000000000e+00 0.000000000000000000e+00 9.070732985112610613e-01 9.292670148873892477e-02 2.280392807159730262e-07 8.592964880000248551e+06 7.646141137833643370e+03 2.009033092187830480e+06 7.817660064571293333e+03 2.280392807159730262e-07
-4.404003787735592118e-03 9.871302702005586675e-04 0.000000000000000000e+00 1.737206384811507739e-07 2.307531971271145274e-02 2.184745440703136978e+02 4.765488430939042530e+01 0.000000000000000000e+00 5.692349810001914011e+04 1.775425513222813834e+03 1.687225710190764190e-05 2.485725227013712776e-02 1.783834841421463182e-05 0.000000000000000000e+00 0.000000000000000000e+00 0.000000000000000000e+00 9.051622523303196610e-01 9.483774766968029735e-02 2.280392807159730262e-07 8.618002074434040114e+06 7.591424092781577201e+03 1.981583329656063113e+06 7.755543525309942197e+03 2.280392807159730262e-07
-4.151885722733589246e-03 9.773721850138156891e-04 0.000000000000000000e+00 1.720026285335271894e-07 2.320691879963792184e-02 2.052597156649582075e+02 4.800505140732841625e+01 0.000000000000000000e+00 5.695710555988072883e+04 1.771668453472143938e+03 1.687225710190764190e-05 2.485725227013712776e-02 1.783834841421463182e-05 0.000000000000000000e+00 0.000000000000000000e+00 0.000000000000000000e+00 9.039150184500120977e-01 9.608498154998798557e-02 2.280392807159730262e-07 8.625647059578822926e+06 7.544237709655085382e+03 1.956799459699234227e+06 7.698023921964782858e+03 2.280392807159730262e-07
-3.899767699539483795e-03 9.676141014452264554e-04 0.000000000000000000e+00 1.702846185859060137e-07 2.334037204295849599e-02 1.925096644933046548e+02 4.817552722179060964e+01 0.000000000000000000e+00 5.698276665723240149e+04 1.767764837346439208e+03 1.687225710190764190e-05 2.485725227013712776e-02 1.783834841421463182e-05 0.000000000000000000e+00 0.000000000000000000e+00 0.000000000000000000e+00 9.026121753238768308e-01 9.738782467612325244e-02 2.280392807159730262e-07 8.634086711375296116e+06 7.495572035167842841e+03 1.931578615624357946e+06 7.639086050193563096e+03 2.280392807159730262e-07
-3.647649719431622552e-03 9.578560195442634368e-04 0.000000000000000000e+00 1.685666086382839909e-07 2.350303989847672345e-02 1.801626182859261007e+02 4.713693308251617253e+01 0.000000000000000000e+00 5.704674654353206279e+04 1.763528697679894321e+03 1.687225710190764190e-05 2.485725227013712776e-02 1.783834841421463182e-05 0.000000000000000000e+00 0.000000000000000000e+00 0.000000000000000000e+00 9.005135073206349539e-01 9.948649267936511553e-02 2.280392807159730262e-07 8.663267976222680882e+06 7.437827594698896974e+03 1.903962240780681837e+06 7.575446415494206121e+03 2.280392807159730262e-07
-3.395531783740933507e-03 9.480979393624428247e-04 0.000000000000000000e+00 1.668485986906611740e-07 2.361956204691305003e-02 1.661349392843697217e+02 4.540044192861956418e+01 0.000000000000000000e+00 5.706118908616785484e+04 1.760407273993389936e+03 1.687225710190764190e-05 2.485725227013712776e-02 1.783834841421463182e-05 0.000000000000000000e+00 0.000000000000000000e+00 0.000000000000000000e+00 8.972180820750442765e-01 1.027819179249558207e-01 2.280392807159730262e-07 8.734560827540846542e+06 7.380886092643377197e+03 1.876778847068579169e+06 7.514990358041040054e+03 2.280392807159730262e-07
-3.143413893853763425e-03 9.383398609534171226e-04 0.000000000000000000e+00 1.651305887430395219e-07 2.371917415481826150e-02 1.541223518187872514e+02 4.428384247600478574e+01 0.000000000000000000e+00 5.708114418903399928e+04 1.757901015954906825e+03 1.687225710190764190e-05 2.485725227013712776e-02 1.783834841421463182e-05 0.000000000000000000e+00 0.000000000000000000e+00 0.000000000000000000e+00 8.943920843943594656e-01 1.056079156056405066e-01 2.280392807159730262e-07 8.796873826389180496e+06 7.333666041446782401e+03 1.852542607220815727e+06 7.460503242659931857e+03 2.280392807159730262e-07
-2.891296051214777875e-03 9.285817843731121891e-04 0.000000000000000000e+00 1.634125787954163609e-07 2.384392292915629707e-02 1.408846070731287341e+02 4.332725562432172239e+01 0.000000000000000000e+00 5.712612130126821285e+04 1.754719539471543385e+03 1.687225710190764190e-05 2.485725227013712776e-02 1.783834841421463182e-05 0.000000000000000000e+00 0.000000000000000000e+00 0.000000000000000000e+00 8.925325405485284858e-01 1.074674594514715142e-01 2.280392807159730262e-07 8.827388828766481951e+06 7.288786288281726229e+03 1.830244747009316925e+06 7.408420055823438815e+03 2.280392807159730262e-07
-2.639178257329975307e-03 9.188237096798034572e-04 0.000000000000000000e+00 1.616945688477957146e-07 2.396825782688871004e-02 1.286385475154534959e+02 4.327339371829175718e+01 0.000000000000000000e+00 5.714491593484146142e+04 1.751189592773269624e+03 1.687225710190764190e-05 2.485725227013712776e-02 1.783834841421463182e-05 0.000000000000000000e+00 0.000000000000000000e+00 0.000000000000000000e+00 8.907296323184836773e-01 1.092703676815163921e-01 2.280392807159730262e-07 8.854144627456605434e+06 7.241572470992173294e+03 1.807179674319163663e+06 7.353928532926266598e+03 2.280392807159730262e-07
-2.387060513770136120e-03 9.090656369342985143e-04 0.000000000000000000e+00 1.599765589001721566e-07 2.410369001015952653e-02 1.160349444303810742e+02 4.272104794031961461e+01 0.000000000000000000e+00 5.717925187453417311e+04 1.747614860044219085e+03 1.687225710190764190e-05 2.485725227013712776e-02 1.783834841421463182e-05 0.000000000000000000e+00 0.000000000000000000e+00 0.000000000000000000e+00 8.883699763084025314e-01 1.116300236915975380e-01 2.280392807159730262e-07 8.896814636101290584e+06 7.189916223007212466e+03 1.782650521036867518e+06 7.296615644660299949e+03 2.280392807159730262e-07
-2.134942822174164603e-03 8.993075662000241631e-04 0.000000000000000000e+00 1.582585489525503985e-07 2.422187572352366841e-02 1.035856254022186249e+02 4.193254372695029986e+01 0.000000000000000000e+00 5.719843318001748412e+04 1.744494247396085939e+03 1.687225710190764190e-05 2.485725227013712776e-02 1.783834841421463182e-05 0.000000000000000000e+00 0.000000000000000000e+00 0.000000000000000000e+00 8.856546370093135723e-01 1.143453629906865249e-01 2.280392807159730262e-07 8.952946183201165870e+06 7.139794521668589368e+03 1.758366333578088554e+06 7.240403775751432477e+03 2.280392807159730262e-07
-1.882825184252961276e-03 8.895494975431984851e-04 0.000000000000000000e+00 1.565405390049275552e-07 2.434653540562157700e-02 9.129709384598162103e+01 4.122920462964433597e+01 0.000000000000000000e+00 5.721823829692145227e+04 1.741143475369914086e+03 1.687225710190764190e-05 2.485725227013712776e-02 1.783834841421463182e-05 0.000000000000000000e+00 0.000000000000000000e+00 0.000000000000000000e+00 8.831559264940866960e-01 1.168440735059133040e-01 2.280392807159730262e-07 9.001623405729562044e+06 7.089799154565608660e+03 1.734447455808607861e+06 7.184286986900486227e+03 2.280392807159730262e-07
-1.630707601793358105e-03 8.797914310329838210e-04 0.000000000000000000e+00 1.548225290573066971e-07 2.447727360047015355e-02 7.905881104370489254e+01 4.061125112141620264e+01 0.000000000000000000e+00 5.723128213288478582e+04 1.737511133828408902e+03 1.687225710190764190e-05 2.485725227013712776e-02 1.783834841421463182e-05 0.000000000000000000e+00 0.000000000000000000e+00 0.000000000000000000e+00 8.806895068637911050e-01 1.193104931362087839e-01 2.280392807159730262e-07 9.047771013387555256e+06 7.037996078295034749e+03 1.709932892411077628e+06 7.126189156506772633e+03 2.280392807159730262e-07
-1.378590076662381805e-03 8.700333667416414868e-04 0.000000000000000000e+00 1.531045191096831656e-07 2.461927582167577899e-02 6.693586825219541936e+01 4.016749045634880844e+01 0.000000000000000000e+00 5.725192688446425018e+04 1.733678381195773454e+03 1.687225710190764190e-05 2.485725227013712776e-02 1.783834841421463182e-05 0.000000000000000000e+00 0.000000000000000000e+00 0.000000000000000000e+00 8.780074816150590378e-01 1.219925183849409761e-01 2.280392807159730262e-07 9.099071314355762675e+06 6.983192846376137823e+03 1.684197712098140037e+06 7.065031447589337404e+03 2.280392807159730262e-07
-1.126472610811814863e-03 8.602753047447127266e-04 0.000000000000000000e+00 1.513865091620620163e-07 2.476038822649113263e-02 5.461035588415239062e+01 3.964913331758949511e+01 0.000000000000000000e+00 5.725329998192431231e+04 1.729684215653431011e+03 1.687225710190764190e-05 2.485725227013712776e-02 1.783834841421463182e-05 0.000000000000000000e+00 0.000000000000000000e+00 0.000000000000000000e+00 8.750442952693948673e-01 1.249557047306051466e-01 2.280392807159730262e-07 9.157696881624072790e+06 6.925271656330683982e+03 1.657026159994967980e+06 7.000352845910991164e+03 2.280392807159730262e-07
-8.743552062830543857e-04 8.505172451212095327e-04 0.000000000000000000e+00 1.496684992144388554e-07 2.492678920715297661e-02 4.297842057267688887e+01 3.918483980451812698e+01 0.000000000000000000e+00 5.729158519718829484e+04 1.725511414225896715e+03 1.687225710190764190e-05 2.485725227013712776e-02 1.783834841421463182e-05 0.000000000000000000e+00 0.000000000000000000e+00 0.000000000000000000e+00 8.715765915881160675e-01 1.284234084118840158e-01 2.280392807159730262e-07 9.230043975001271814e+06 6.862487614187281906e+03 1.627648367591304006e+06 6.930593900305985699e+03 2.280392807159730262e-07
-6.222378652123192015e-04 8.407591879538128376e-04 0.000000000000000000e+00 1.479504892668176267e-07 2.505672617763472429e-02 3.041993798939695992e+01 3.818471072118536114e+01 0.000000000000000000e+00 5.722930667975312826e+04 1.721295771270203659e+03 1.687225710190764190e-05 2.485725227013712776e-02 1.783834841421463182e-05 0.000000000000000000e+00 0.000000000000000000e+00 0.000000000000000000e+00 8.672486698143991868e-01 1.327513301856008410e-01 2.280392807159730262e-07 9.327327569465966895e+06 6.793424283208800261e+03 1.594994750375600532e+06 6.853685138714452478e+03 2.280392807159730262e-07
-3.701205898362153386e-04 8.310011333290892458e-04 0.000000000000000000e+00 1.462324793191944128e-07 2.526216555607547001e-02 2.113758382279789316e+01 3.692627974437764493e+01 0.000000000000000000e+00 5.732848144214598142e+04 1.717297131980199310e+03 1.687225710190764190e-05 2.485725227013712776e-02 1.783834841421463182e-05 0.000000000000000000e+00 0.000000000000000000e+00 0.000000000000000000e+00 8.611359660332834620e-01 1.388640339667166212e-01 2.280392807159730262e-07 9.478111999029241502e+06 6.713626025785960337e+03 1.556441686091562035e+06 6.764744681403724826e+03 2.280392807159730262e-07
-1.180033824977064157e-04 8.212430813377213186e-04 0.000000000000000000e+00 1.445144693715732900e-07 2.534177984181428672e-02 6.128182847688260715e+00 3.756288191327161741e+01 0.000000000000000000e+00 5.732862385095180798e+04 1.717938852178735033e+03 1.687225710190764190e-05 2.485725227013712776e-02 1.783834841421463182e-05 0.000000000000000000e+00 0.000000000000000000e+00 0.000000000000000000e+00 8.441515865696672671e-01 1.558484134303327329e-01 2.280392807159730262e-07 9.974590014678748325e+06 6.594208647955527340e+03 1.492214880945377052e+06 6.633168263299087812e+03 2.280392807159730262e-07
