# y vel T rho p
0.0000000000000000e0 0.0000000000000000e0 2.6950000000000000e2 2.9764731959089321e-2 2.3030000000000000e3
7.6247979775539299e-6 3.0308067755798147e0 2.6945744310171034e2 2.9769432867166018e-2 2.3030000000000000e3
1.5248300028434423e-5 6.0615052974082211e0 2.6940839763464680e2 2.9774852355764016e-2 2.3030000000000000e3
2.2870322575534602e-5 9.0920778666725219e0 2.6935286462420402e2 2.9780991095699497e-2 2.3030000000000000e3
3.0490682073200896e-5 1.2122505118685808e1 2.6929084527071035e2 2.9787849842837003e-2 2.3030000000000000e3
3.8109195012390375e-5 1.5152766024334879e1 2.6922234096410466e2 2.9795429436682928e-2 2.3030000000000000e3
4.5725677926243083e-5 1.8182837891736320e1 2.6914735329858701e2 2.9803730799000522e-2 2.3030000000000000e3
5.3339947396068387e-5 2.1212696368110777e1 2.6906588408724053e2 2.9812754932445066e-2 2.3030000000000000e3
6.0951820057744685e-5 2.4242315441885289e1 2.6897793537661903e2 2.9822502919218449e-2 2.3030000000000000e3
6.8561112608531315e-5 2.7271667445033582e1 2.6888350946129947e2 2.9832975919741649e-2 2.3030000000000000e3
7.6167641814291645e-5 3.0300723055664129e1 2.6878260889839174e2 2.9844175171344463e-2 2.3030000000000000e3
8.3771224517126022e-5 3.3329451300865664e1 2.6867523652200504e2 2.9856101986971126e-2 2.3030000000000000e3
9.1371677643413554e-5 3.6357819559819767e1 2.6856139545766348e2 2.9868757753901052e-2 2.3030000000000000e3
9.8968818212260767e-5 3.9385793567190063e1 2.6844108913666838e2 2.9882143932483559e-2 2.3030000000000000e3
1.0656246334435597e-4 4.2413337416797489e1 2.6831432131040214e2 2.9896262054885655e-2 2.3030000000000000e3
1.1415243027122743e-4 4.5440413565590895e1 2.6818109606456784e2 2.9911113723852023e-2 2.3030000000000000e3
1.2173853634490351e-4 4.8466982837922195e1 2.6804141783336144e2 2.9926700611476079e-2 2.3030000000000000e3
1.2932059904797278e-4 5.1493004430135230e1 2.6789529141356962e2 2.9943024457981412e-2 2.3030000000000000e3
1.3689843600404175e-4 5.4518435915477163e1 2.6774272197858880e2 2.9960087070512616e-2 2.3030000000000000e3
1.4447186498858834e-4 5.7543233249341334e1 2.6758371509236076e2 2.9977890321934545e-2 2.3030000000000000e3
1.5204070394020830e-4 6.0567350774850176e1 2.6741827672321693e2 2.9996436149639386e-2 2.3030000000000000e3
1.5960477097225193e-4 6.3590741228786769e1 2.6724641325762843e2 3.0015726554360408e-2 2.3030000000000000e3
1.6716388438484846e-4 6.6613355747883332e1 2.6706813151385359e2 3.0035763598991856e-2 2.3030000000000000e3
1.7471786267731520e-4 6.9635143875474839e1 2.6688343875547929e2 3.0056549407413851e-2 2.3030000000000000e3
1.8226652456094808e-4 7.2656053568525834e1 2.6669234270484765e2 3.0078086163321870e-2 2.3030000000000000e3
1.8980968897219048e-4 7.5676031205038171e1 2.6649485155636359e2 3.0100376109059680e-2 2.3030000000000000e3
1.9734717508617687e-4 7.8695021591847450e1 2.6629097398967593e2 3.0123421544455235e-2 2.3030000000000000e3
2.0487880233064745e-4 8.1712967972815363e1 2.6608071918272697e2 3.0147224825658497e-2 2.3030000000000000e3
2.1240439040023020e-4 8.4729812037425418e1 2.6586409682466149e2 3.0171788363980746e-2 2.3030000000000000e3
2.1992375927108593e-4 8.7745493929788864e1 2.6564111712859136e2 3.0197114624734407e-2 2.3030000000000000e3
2.2743672921591264e-4 9.0759952258067585e1 2.6541179084420691e2 3.0223206126072748e-2 2.3030000000000000e3
2.3494312081930415e-4 9.3773124104320715e1 2.6517612927022981e2 3.0250065437828693e-2 2.3030000000000000e3
2.4244275499345913e-4 9.6784945034780989e1 2.6493414426669835e2 3.0277695180352296e-2 2.3030000000000000e3
2.4993545299423491e-4 9.9795349110567017e1 2.6468584826708155e2 3.0306098023345676e-2 2.3030000000000000e3
2.5742103643754181e-4 1.0280426889883735e2 2.6443125429021097e2 3.0335276684695309e-2 2.3030000000000000e3
2.6489932731607228e-4 1.0581163548439163e2 2.6417037595202657e2 3.0365233929300597e-2 2.3030000000000000e3
2.7237014801635961e-4 1.0881737848172425e2 2.6390322747712730e2 3.0395972567898250e-2 2.3030000000000000e3
2.7983332133616097e-4 1.1182142604753544e2 2.6362982371012038e2 3.0427495455881668e-2 2.3030000000000000e3
2.8728867050215815e-4 1.1482370489370446e2 2.6335018012676107e2 3.0459805492114928e-2 2.3030000000000000e3
2.9473601918797074e-4 1.1782414030072910e2 2.6306431284487650e2 3.0492905617740474e-2 2.3030000000000000e3
3.0217519153247522e-4 1.2082265613163588e2 2.6277223863506566e2 3.0526798814980036e-2 2.3030000000000000e3
3.0960601215842344e-4 1.2381917484636435e2 2.6247397493116836e2 3.0561488105928104e-2 2.3030000000000000e3
3.1702830619135413e-4 1.2681361751662907e2 2.6216953984049559e2 3.0596976551337446e-2 2.3030000000000000e3
3.2444189927879029e-4 1.2980590384126248e2 2.6185895215381498e2 3.0633267249395843e-2 2.3030000000000000e3
3.3184661760971544e-4 1.3279595216204120e2 2.6154223135508209e2 3.0670363334493678e-2 2.3030000000000000e3
3.3924228793432207e-4 1.3578367947999828e2 2.6121939763091206e2 3.0708267975981720e-2 2.3030000000000000e3
3.4662873758402340e-4 1.3876900147222349e2 2.6089047187978315e2 3.0746984376918439e-2 2.3030000000000000e3
3.5400579449172258e-4 1.4175183250915325e2 2.6055547572096566e2 3.0786515772806354e-2 2.3030000000000000e3
3.6137328721233010e-4 1.4473208567235176e2 2.6021443150316787e2 3.0826865430316912e-2 2.3030000000000000e3
3.6873104494352179e-4 1.4770967277278393e2 2.5986736231289387e2 3.0868036646003103e-2 2.3030000000000000e3
3.7607889754672934e-4 1.5068450436958142e2 2.5951429198250293e2 3.0910032744999680e-2 2.3030000000000000e3
3.8341667556835422e-4 1.5365648978930093e2 2.5915524509796711e2 3.0952857079709926e-2 2.3030000000000000e3
3.9074421026119674e-4 1.5662553714567585e2 2.5879024700631703e2 3.0996513028478879e-2 2.3030000000000000e3
3.9806133360609198e-4 1.5959155335985946e2 2.5841932382277088e2 3.1041003994252157e-2 2.3030000000000000e3
4.0536787833374190e-4 1.6255444418115988e2 2.5804250243753813e2 3.1086333403220208e-2 2.3030000000000000e3
4.1266367794673609e-4 1.6551411420826471e2 2.5765981052229353e2 3.1132504703447025e-2 2.3030000000000000e3
4.1994856674175022e-4 1.6847046691095366e2 2.5727127653631254e2 3.1179521363483283e-2 2.3030000000000000e3
4.2722237983191402e-4 1.7142340465229771e2 2.5687692973226274e2 3.1227386870963103e-2 2.3030000000000000e3
4.3448495316933747e-4 1.7437282871134082e2 2.5647680016164543e2 3.1276104731184001e-2 2.3030000000000000e3
4.4173612356778646e-4 1.7731863930626326e2 2.5607091867987992e2 3.1325678465669707e-2 2.3030000000000000e3
4.4897572872549656e-4 1.8026073561802122e2 2.5565931695102600e2 3.1376111610715074e-2 2.3030000000000000e3
4.5620360724811623e-4 1.8319901581446001e2 2.5524202745213714e2 3.1427407715913000e-2 2.3030000000000000e3
4.6341959867176674e-4 1.8613337707489652e2 2.5481908347723976e2 3.1479570342662563e-2 2.3030000000000000e3
4.7062354348621039e-4 1.8906371561516616e2 2.5439051914093307e2 3.1532603062658107e-2 2.3030000000000000e3
4.7781528315811412e-4 1.9198992671312911e2 2.5395636938160342e2 3.1586509456358831e-2 2.3030000000000000e3
4.8499466015439945e-4 1.9491190473463070e2 2.5351666996424885e2 3.1641293111438332e-2 2.3030000000000000e3
4.9216151796566631e-4 1.9782954315990992e2 2.5307145748290793e2 3.1696957621213918e-2 2.3030000000000000e3
4.9931570112968010e-4 2.0074273461044982e2 2.5262076936268940e2 3.1753506583054987e-2 2.3030000000000000e3
5.0645705525491044e-4 2.0365137087626289e2 2.5216464386139700e2 3.1810943596770308e-2 2.3030000000000000e3
5.1358542704410949e-4 2.0655534294360464e2 2.5170312007074560e2 3.1869272262973779e-2 2.3030000000000000e3
5.2070066431792036e-4 2.0945454102310774e2 2.5123623791716537e2 3.1928496181428082e-2 2.3030000000000000e3
5.2780261603850109e-4 2.1234885457832820e2 2.5076403816218863e2 3.1988618949366186e-2 2.3030000000000000e3
5.3489113233315389e-4 2.1523817235469656e2 2.5028656240241722e2 3.2049644159790100e-2 2.3030000000000000e3
5.4196606451794758e-4 2.1812238240886367e2 2.4980385306906695e2 3.2111575399746635e-2 2.3030000000000000e3
5.4902726512132182e-4 2.2100137213843351e2 2.4931595342708491e2 3.2174416248579835e-2 2.3030000000000000e3
5.5607458790765847e-4 2.2387502831207226e2 2.4882290757383899e2 3.2238170276159717e-2 2.3030000000000000e3
5.6310788790081188e-4 2.2674323709998441e2 2.4832476043737506e2 3.2302841041087146e-2 2.3030000000000000e3
5.7012702140758276e-4 2.2960588410474529e2 2.4782155777424160e2 3.2368432088874279e-2 2.3030000000000000e3
5.7713184604112381e-4 2.3246285439247956e2 2.4731334616687809e2 3.2434946950100664e-2 2.3030000000000000e3
5.8412222074426636e-4 2.3531403252437426e2 2.4680017302056717e2 3.2502389138544446e-2 2.3030000000000000e3
5.9109800581275411e-4 2.3815930258851540e2 2.4628208655994860e2 3.2570762149288522e-2 2.3030000000000000e3
5.9805906291837121e-4 2.4099854823203603e2 2.4575913582509398e2 3.2640069456801465e-2 2.3030000000000000e3
6.0500525513195499e-4 2.4383165269356334e2 2.4523137066714204e2 3.2710314512992958e-2 2.3030000000000000e3
6.1193644694627707e-4 2.4665849883595351e2 2.4469884174349409e2 3.2781500745243497e-2 2.3030000000000000e3
6.1885250429878321e-4 2.4947896917929990e2 2.4416160051256927e2 3.2853631554408270e-2 2.3030000000000000e3
6.2575329459417810e-4 2.5229294593420289e2 2.4361969922812111e2 3.2926710312794927e-2 2.3030000000000000e3
6.3263868672684416e-4 2.5510031103528672e2 2.4307319093311423e2 3.3000740362115262e-2 2.3030000000000000e3
6.3950855110307919e-4 2.5790094617495072e2 2.4252212945316464e2 3.3075725011410498e-2 2.3030000000000000e3
6.4636275966314428e-4 2.6069473283733981e2 2.4196656938954251e2 3.3151667534950205e-2 2.3030000000000000e3
6.5320118590310558e-4 2.6348155233252135e2 2.4140656611174103e2 3.3228571170104707e-2 2.3030000000000000e3
6.6002370489646079e-4 2.6626128583085165e2 2.4084217574961292e2 3.3306439115190836e-2 2.3030000000000000e3
6.6683019331553706e-4 2.6903381439752019e2 2.4027345518507636e2 3.3385274527291196e-2 2.3030000000000000e3
6.7362052945264816e-4 2.7179901902725311e2 2.3970046204339397e2 3.3465080520046681e-2 2.3030000000000000e3
6.8039459324099839e-4 2.7455678067916375e2 2.3912325468402719e2 3.3545860161422407e-2 2.3030000000000000e3
6.8715226627532201e-4 2.7730698031173307e2 2.3854189219107053e2 3.3627616471446978e-2 2.3030000000000000e3
6.9389343183224640e-4 2.8004949891790392e2 2.3795643436326810e2 3.3710352419925226e-2 2.3030000000000000e3
7.0061797489036663e-4 2.8278421756027450e2 2.3736694170361810e2 3.3794070924124404e-2 2.3030000000000000e3
7.0732578215001985e-4 2.8551101740637404e2 2.3677347540856815e2 3.3878774846434062e-2 2.3030000000000000e3
7.1401674205274872e-4 2.8822977976400426e2 2.3617609735680779e2 3.3964466991999558e-2 2.3030000000000000e3
7.2069074480044209e-4 2.9094038611663126e2 2.3557487009766220e2 3.4051150106329517e-2 2.3030000000000000e3
7.2734768237414107e-4 2.9364271815880988e2 2.3496985683909327e2 3.4138826872877316e-2 2.3030000000000000e3
7.3398744855250110e-4 2.9633665783162496e2 2.3436112143531352e2 3.4227499910596856e-2 2.3030000000000000e3
7.4060993892989698e-4 2.9902208735813207e2 2.3374872837401904e2 3.4317171771472900e-2 2.3030000000000000e3
7.4721505093416224e-4 3.0169888927878111e2 2.3313274276324836e2 3.4407844938026087e-2 2.3030000000000000e3
7.5380268384395144e-4 3.0436694648680623e2 2.3251323031787319e2 3.4499521820793161e-2 2.3030000000000000e3
7.6037273880571468e-4 3.0702614226356366e2 2.3189025734572903e2 3.4592204755782577e-2 2.3030000000000000e3
7.6692511885027479e-4 3.0967636031380243e2 2.3126389073339266e2 3.4685896001905837e-2 2.3030000000000000e3
7.7345972890899728e-4 3.1231748480084900e2 2.3063419793161367e2 3.4780597738385224e-2 2.3030000000000000e3
7.7997647582954324e-4 3.1494940038169011e2 2.3000124694040940e2 3.4876312062137968e-2 2.3030000000000000e3
7.8647526839119612e-4 3.1757199224193607e2 2.2936510629383031e2 3.4973040985137614e-2 2.3030000000000000e3
7.9295601731975255e-4 3.2018514613064701e2 2.2872584504440456e2 3.5070786431753133e-2 2.3030000000000000e3
7.9941863530196835e-4 3.2278874839500668e2 2.2808353274727187e2 3.5169550236065959e-2 2.3030000000000000e3
8.0586303699955227e-4 3.2538268601482446e2 2.2743823944401353e2 3.5269334139166067e-2 2.3030000000000000e3
8.1228913906269691e-4 3.2796684663685079e2 2.2679003564619018e2 3.5370139786427286e-2 2.3030000000000000e3
8.1869686014314025e-4 3.3054111860888850e2 2.2613899231859543e2 3.5471968724762715e-2 2.3030000000000000e3
8.2508612090675026e-4 3.3310539101368221e2 2.2548518086223649e2 3.5574822399860880e-2 2.3030000000000000e3
8.3145684404562273e-4 3.3565955370257086e2 2.2482867309704949e2 3.5678702153403595e-2 2.3030000000000000e3
8.3780895428968731e-4 3.3820349732888593e2 2.2416954124436381e2 3.5783609220265807e-2 2.3030000000000000e3
8.4414237841781399e-4 3.4073711338107950e2 2.2350785790912119e2 3.5889544725698962e-2 2.3030000000000000e3
8.5045704526841303e-4 3.4326029421556456e2 2.2284369606186431e2 3.5996509682498144e-2 2.3030000000000000e3
8.5675288574952148e-4 3.4577293308925454e2 2.2217712902050303e2 3.6104504988154387e-2 2.3030000000000000e3
8.6302983284837194e-4 3.4827492419178225e2 2.2150823043187125e2 3.6213531421992719e-2 2.3030000000000000e3
8.6928782164043586e-4 3.5076616267738638e2 2.2083707425308424e2 3.6323589642297309e-2 2.3030000000000000e3
8.7552678929793686e-4 3.5324654469644764e2 2.2016373473270821e2 3.6434680183424682e-2 2.3030000000000000e3
8.8174667509782843e-4 3.5571596742666031e2 2.1948828639175429e2 3.6546803452905938e-2 2.3030000000000000e3
8.8794742042923227e-4 3.5817432910382456e2 2.1881080400450779e2 3.6659959728539353e-2 2.3030000000000000e3
8.9412896880033119e-4 3.6062152905224383e2 2.1813136257920465e2 3.6774149155474556e-2 2.3030000000000000e3
9.0029126584471343e-4 3.6305746771471365e2 2.1745003733856711e2 3.6889371743289448e-2 2.3030000000000000e3
9.0643425932716555e-4 3.6548204668208859e2 2.1676690370021097e2 3.7005627363061171e-2 2.3030000000000000e3
9.1255789914890684e-4 3.6789516872241092e2 2.1608203725693539e2 3.7122915744432668e-2 2.3030000000000000e3
9.1866213735226714e-4 3.7029673780959047e2 2.1539551375690837e2 3.7241236472676055e-2 2.3030000000000000e3
9.2474692812480092e-4 3.7268665915162046e2 2.1470740908375959e2 3.7360588985754402e-2 2.3030000000000000e3
9.3081222780283762e-4 3.7506483921831705e2 2.1401779923659308e2 3.7480972571383345e-2 2.3030000000000000e3
9.3685799487446561e-4 3.7743118576856995e2 2.1332676030993161e2 3.7602386364094242e-2 2.3030000000000000e3
9.4288418998194712e-4 3.7978560787709262e2 2.1263436847360535e2 3.7724829342300356e-2 2.3030000000000000e3
9.4889077592356420e-4 3.8212801596065913e2 2.1194069995259696e2 3.7848300325367887e-2 2.3030000000000000e3
9.5487771765489420e-4 3.8445832180381677e2 2.1124583100685567e2 3.7972797970693410e-2 2.3030000000000000e3
9.6084498228951262e-4 3.8677643858406310e2 2.1054983791109171e2 3.8098320770789805e-2 2.3030000000000000e3
9.6679253909912500e-4 3.8908228089647719e2 2.0985279693456459e2 3.8224867050382139e-2 2.3030000000000000e3
9.7272035951312711e-4 3.9137576477779402e2 2.0915478432087596e2 3.8352434963515813e-2 2.3030000000000000e3
9.7862841711759312e-4 3.9365680772991271e2 2.0845587626778081e2 3.8481022490678522e-2 2.3030000000000000e3
9.8451668765369284e-4 3.9592532874282875e2 2.0775614890702704e2 3.8610627435938454e-2 2.3030000000000000e3
9.9038514901553958e-4 3.9818124831698077e2 2.0705567828423750e2 3.8741247424100379e-2 2.3030000000000000e3
9.9623378124746908e-4 4.0042448848500459e2 2.0635454033884463e2 3.8872879897882094e-2 2.3030000000000000e3
1.0020625665407526e-3 4.0265497283288357e2 2.0565281088409037e2 3.9005522115113163e-2 2.3030000000000000e3
1.0078714892297431e-3 4.0487262652049054e2 2.0495056558710280e2 3.9139171145958322e-2 2.3030000000000000e3
1.0136605357874613e-3 4.0707737630151138e2 2.0424787994906109e2 3.9273823870167653e-2 2.3030000000000000e3
1.0194296948206200e-3 4.0926915054274451e2 2.0354482928545983e2 3.9409476974356102e-2 2.3030000000000000e3
1.0251789570640921e-3 4.1144787924276915e2 2.0284148870648443e2 3.9546126949314482e-2 2.3030000000000000e3
1.0309083153748268e-3 4.1361349404997674e2 2.0213793309750832e2 3.9683770087354533e-2 2.3030000000000000e3
1.0366177647252123e-3 4.1576592827995893e2 2.0143423709972325e2 3.9822402479690447e-2 2.3030000000000000e3
1.0423073021958956e-3 4.1790511693224823e2 2.0073047509091296e2 3.9962020013859414e-2 2.3030000000000000e3
1.0479769269680593e-3 4.2003099670640427e2 2.0002672116638107e2 4.0102618371183799e-2 2.3030000000000000e3
1.0536266403151605e-3 4.2214350601744400e2 1.9932304912004369e2 4.0244193024277446e-2 2.3030000000000000e3
1.0592564455941381e-3 4.2424258501060950e2 1.9861953242569663e2 4.0386739234598915e-2 2.3030000000000000e3
1.0648663482360926e-3 4.2632817557547088e2 1.9791624421846694e2 4.0530252050054325e-2 2.3030000000000000e3
1.0704563557364427e-3 4.2840022135936141e2 1.9721325727645956e2 4.0674726302652446e-2 2.3030000000000000e3
1.0760264776445664e-3 4.3045866778014141e2 1.9651064400260714e2 4.0820156606214922e-2 2.3030000000000000e3
1.0815767255529321e-3 4.3250346203828951e2 1.9580847640673352e2 4.0966537354144510e-2 2.3030000000000000e3
1.0871071130857247e-3 4.3453455312831801e2 1.9510682608783918e2 4.1113862717254007e-2 2.3030000000000000e3
1.0926176558869718e-3 4.3655189184951325e2 1.9440576421661771e2 4.1262126641658965e-2 2.3030000000000000e3
1.0981083716081828e-3 4.3855543081599706e2 1.9370536151821182e2 4.1411322846736993e-2 2.3030000000000000e3
1.1035792798954991e-3 4.4054512446611119e2 1.9300568825521725e2 4.1561444823156588e-2 2.3030000000000000e3
1.1090304023763712e-3 4.4252092907112376e2 1.9230681421094235e2 4.1712485830978634e-2 2.3030000000000000e3
1.1144617626457620e-3 4.4448280274325646e2 1.9160880867293139e2 4.1864438897833332e-2 2.3030000000000000e3
1.1198733862518900e-3 4.4643070544303572e2 1.9091174041675870e2 4.2017296817175823e-2 2.3030000000000000e3
1.1252653006815182e-3 4.4836459898596678e2 1.9021567769010110e2 4.2171052146623457e-2 2.3030000000000000e3
1.1306375353447940e-3 4.5028444704853297e2 1.8952068819709572e2 4.2325697206377591e-2 2.3030000000000000e3
1.1359901215596527e-3 4.5219021517352138e2 1.8882683908298935e2 4.2481224077733373e-2 2.3030000000000000e3
1.1413230925357910e-3 4.5408187077467795e2 1.8813419691908587e2 4.2637624601680253e-2 2.3030000000000000e3
1.1466364833582169e-3 4.5595938314069349e2 1.8744282768799820e2 4.2794890377596387e-2 2.3030000000000000e3
1.1519303309703896e-3 4.5782272343852401e2 1.8675279676920985e2 4.2953012762040214e-2 2.3030000000000000e3
1.1572046741569523e-3 4.5967186471604833e2 1.8606416892495230e2 4.3111982867641903e-2 2.3030000000000000e3
1.1624595535260709e-3 4.6150678190406649e2 1.8537700828640266e2 4.3271791562098233e-2 2.3030000000000000e3
1.1676950114913891e-3 4.6332745181764312e2 1.8469137834020700e2 4.3432429467273548e-2 2.3030000000000000e3
1.1729110922536032e-3 4.6513385315679983e2 1.8400734191533397e2 4.3593886958410030e-2 2.3030000000000000e3
1.1781078417816720e-3 4.6692596650656043e2 1.8332496117026258e2 4.3756154163450425e-2 2.3030000000000000e3
1.1832853077936682e-3 4.6870377433635457e2 1.8264429758050872e2 4.3919220962475948e-2 2.3030000000000000e3
1.1884435397372820e-3 4.7046726099878526e2 1.8196541192649372e2 4.4083076987262590e-2 2.3030000000000000e3
1.1935825887699858e-3 4.7221641272776441e2 1.8128836428175831e2 4.4247711620958814e-2 2.3030000000000000e3
1.1987025077388712e-3 4.7395121763602214e2 1.8061321400152579e2 4.4413113997887256e-2 2.3030000000000000e3
1.2038033511601661e-3 4.7567166571199817e2 1.7994001971161651e2 4.4579273003473599e-2 2.3030000000000000e3
1.2088851751984450e-3 4.7737774881611716e2 1.7926883929771648e2 4.4746177274305313e-2 2.3030000000000000e3
1.2139480376455382e-3 4.7906946067645913e2 1.7859972989500267e2 4.4913815198323104e-2 2.3030000000000000e3
1.2189919978991559e-3 4.8074679688382793e2 1.7793274787812661e2 4.5082174915147662e-2 2.3030000000000000e3
1.2240171169412295e-3 4.8240975488622666e2 1.7726794885155815e2 4.5251244316544502e-2 2.3030000000000000e3
1.2290234573159890e-3 4.8405833398274643e2 1.7660538764029099e2 4.5421011047029440e-2 2.3030000000000000e3
1.2340110831077810e-3 4.8569253531687616e2 1.7594511828091098e2 4.5591462504617090e-2 2.3030000000000000e3
1.2389800599186375e-3 4.8731236186924093e2 1.7528719401302800e2 4.5762585841715150e-2 2.3030000000000000e3
1.2439304548456105e-3 4.8891781844977567e2 1.7463166727107264e2 4.5934367966166310e-2 2.3030000000000000e3
1.2488623364578771e-3 4.9050891168934385e2 1.7397858967645701e2 4.6106795542440612e-2 2.3030000000000000e3
1.2537757747736289e-3 4.9208565003080759e2 1.7332801203010126e2 4.6279854992979964e-2 2.3030000000000000e3
1.2586708412367562e-3 4.9364804371955830e2 1.7267998430532410e2 4.6453532499697185e-2 2.3030000000000000e3
1.2635476086933334e-3 4.9519610479351650e2 1.7203455564109839e2 4.6627814005631346e-2 2.3030000000000000e3
1.2684061513679216e-3 4.9672984707260832e2 1.7139177433567033e2 4.6802685216761335e-2 2.3030000000000000e3
1.2732465448396946e-3 4.9824928614772847e2 1.7075168784054151e2 4.6978131603979428e-2 2.3030000000000000e3
1.2780688660183992e-3 4.9975443936919766e2 1.7011434275481326e2 4.7154138405226316e-2 2.3030000000000000e3
1.2828731931201611e-3 5.0124532583472455e2 1.6947978481989153e2 4.7330690627789211e-2 2.3030000000000000e3
1.2876596056431468e-3 5.0272196637687961e2 1.6884805891455076e2 4.7507773050764389e-2 2.3030000000000000e3
1.2924281843430894e-3 5.0418438355009164e2 1.6821920905035560e2 4.7685370227685153e-2 2.3030000000000000e3
1.2971790112086920e-3 5.0563260161717534e2 1.6759327836743790e2 4.7863466489316601e-2 2.3030000000000000e3
1.3019121694369136e-3 5.0706664653539951e2 1.6697030913062727e2 4.8042045946617803e-2 2.3030000000000000e3
1.3066277434081537e-3 5.0848654594210552e2 1.6635034272593256e2 4.8221092493872429e-2 2.3030000000000000e3
1.3113258186613394e-3 5.0989232913988513e2 1.6573341965737242e2 4.8400589811988130e-2 2.3030000000000000e3
1.3160064818689302e-3 5.1128402708132728e2 1.6511957954415109e2 4.8580521371965397e-2 2.3030000000000000e3
1.3206698208118467e-3 5.1266167235334444e2 1.6450886111817820e2 4.8760870438535837e-2 2.3030000000000000e3
1.3253159243543330e-3 5.1402529916108642e2 1.6390130222192781e2 4.8941620073970286e-2 2.3030000000000000e3
1.3299448824187646e-3 5.1537494331145353e2 1.6329693980663475e2 4.9122753142056462e-2 2.3030000000000000e3
1.3345567859604104e-3 5.1671064219621701e2 1.6269580993082445e2 4.9304252312245909e-2 2.3030000000000000e3
1.3391517269421558e-3 5.1803243477475701e2 1.6209794775917283e2 4.9486100063969786e-2 2.3030000000000000e3
1.3437297983091994e-3 5.1934036155642934e2 1.6150338756169248e2 4.9668278691122891e-2 2.3030000000000000e3
1.3482910939637330e-3 5.2063446458256942e2 1.6091216271324160e2 4.9850770306715100e-2 2.3030000000000000e3
1.3528357087396073e-3 5.2191478740814262e2 1.6032430569335165e2 5.0033556847688961e-2 2.3030000000000000e3
1.3573637383770031e-3 5.2318137508305404e2 1.5973984808636973e2 5.0216620079902519e-2 2.3030000000000000e3
1.3618752794971069e-3 5.2443427413312361e2 1.5915882058191141e2 5.0399941603275718e-2 2.3030000000000000e3
1.3663704295768047e-3 5.2567353254073964e2 1.5858125297561995e2 5.0583502857098755e-2 2.3030000000000000e3
1.3708492869234025e-3 5.2689919972519908e2 1.5800717417022730e2 5.0767285125500661e-2 2.3030000000000000e3
1.3753119506493797e-3 5.2811132652274523e2 1.5743661217691297e2 5.0951269543075738e-2 2.3030000000000000e3
1.3797585206471855e-3 5.2930996516631217e2 1.5686959411695517e2 5.1135437100666044e-2 2.3030000000000000e3
1.3841890975640875e-3 5.3049516926498598e2 1.5630614622367065e2 5.1319768651296969e-2 2.3030000000000000e3
1.3886037827770766e-3 5.3166699378319345e2 1.5574629384463796e2 5.1504244916263479e-2 2.3030000000000000e3
1.3930026783678408e-3 5.3282549501962660e2 1.5519006144419924e2 5.1688846491364071e-2 2.3030000000000000e3
1.3973858870978131e-3 5.3397073058591479e2 1.5463747260623597e2 5.1873553853279228e-2 2.3030000000000000e3
1.4017535123833013e-3 5.3510275938505242e2 1.5408855003721357e2 5.2058347366091100e-2 2.3030000000000000e3
1.4061056582707087e-3 5.3622164158959310e2 1.5354331556948961e2 5.2243207287940928e-2 2.3030000000000000e3
1.4104424294118509e-3 5.3732743861962012e2 1.5300179016488113e2 5.2428113777820286e-2 2.3030000000000000e3
1.4147639310393781e-3 5.3842021312050201e2 1.5246399391848544e2 5.2613046902492279e-2 2.3030000000000000e3
1.4190702689423082e-3 5.3950002894044496e2 1.5192994606274922e2 5.2797986643538596e-2 2.3030000000000000e3
1.4233615494416792e-3 5.4056695110784835e2 1.5139966497178108e2 5.2982912904527849e-2 2.3030000000000000e3
1.4276378793663270e-3 5.4162104580847688e2 1.5087316816590231e2 5.3167805518300713e-2 2.3030000000000000e3
1.4318993660287947e-3 5.4266238036245636e2 1.5035047231642989e2 5.3352644254367226e-2 2.3030000000000000e3
1.4361461172013807e-3 5.4369102320110392e2 1.4983159325068729e2 5.3537408826411031e-2 2.3030000000000000e3
1.4403782410923307e-3 5.4470704384360113e2 1.4931654595723739e2 5.3722078899895449e-2 2.3030000000000000e3
1.4445958463221850e-3 5.4571051287352032e2 1.4880534459133176e2 5.3906634099766391e-2 2.3030000000000000e3
1.4487990419002768e-3 5.4670150191521441e2 1.4829800248057194e2 5.4091054018245842e-2 2.3030000000000000e3
1.4529879372013979e-3 5.4768008361007696e2 1.4779453213077613e2 5.4275318222711089e-2 2.3030000000000000e3
1.4571626419426318e-3 5.4864633159268499e2 1.4729494523204676e2 5.4459406263653136e-2 2.3030000000000000e3
1.4613232661603629e-3 5.4960032046683125e2 1.4679925266503344e2 5.4643297682708578e-2 2.3030000000000000e3
1.4654699201874625e-3 5.5054212578145678e2 1.4630746450738542e2 5.4826972020758737e-2 2.3030000000000000e3
1.4696027146306617e-3 5.5147182400649240e2 1.4581959004038882e2 5.5010408826089603e-2 2.3030000000000000e3
1.4737217603481162e-3 5.5238949250861845e2 1.4533563775578261e2 5.5193587662606236e-2 2.3030000000000000e3
1.4778271684271638e-3 5.5329520952695191e2 1.4485561536274881e2 5.5376488118094820e-2 2.3030000000000000e3
1.4819190501622836e-3 5.5418905414866970e2 1.4437952979507028e2 5.5559089812525921e-2 2.3030000000000000e3
1.4859975170332584e-3 5.5507110628457747e2 1.4390738721845221e2 5.5741372406391806e-2 2.3030000000000000e3
1.4900626806835500e-3 5.5594144664463204e2 1.4343919303800098e2 5.5923315609070885e-2 2.3030000000000000e3
1.4941146528988836e-3 5.5680015671342858e2 1.4297495190585525e2 5.6104899187212558e-2 2.3030000000000000e3
1.4981535455860543e-3 5.5764731872565801e2 1.4251466772896455e2 5.6286102973134682e-2 2.3030000000000000e3
1.5021794707519537e-3 5.5848301564154667e2 1.4205834367700916e2 5.6466906873227148e-2 2.3030000000000000e3
1.5061925404828216e-3 5.5930733112228495e2 1.4160598219045701e2 5.6647290876353645e-2 2.3030000000000000e3
1.5101928669237312e-3 5.6012034950545376e2 1.4115758498875186e2 5.6827235062244602e-2 2.3030000000000000e3
1.5141805622583028e-3 5.6092215578045875e2 1.4071315307862761e2 5.7006719609873788e-2 2.3030000000000000e3
1.5181557386886586e-3 5.6171283556397941e2 1.4027268676254366e2 5.7185724805811168e-2 2.3030000000000000e3
1.5221185084156159e-3 5.6249247507544226e2 1.3983618564723648e2 5.7364231052544443e-2 2.3030000000000000e3
1.5260689836191243e-3 5.6326116111252566e2 1.3940364865238203e2 5.7542218876761843e-2 2.3030000000000000e3
1.5300072764389487e-3 5.6401898102670646e2 1.3897507401936383e2 5.7719668937588758e-2 2.3030000000000000e3
1.5339334989556040e-3 5.6476602269885473e2 1.3855045932014244e2 5.7896562034770498e-2 2.3030000000000000e3
1.5378477631715394e-3 5.6550237451488613e2 1.3812980146622027e2 5.8072879116794061e-2 2.3030000000000000e3
1.5417501809925794e-3 5.6622812534147931e2 1.3771309671769825e2 5.8248601288940986e-2 2.3030000000000000e3
1.5456408642096219e-3 5.6694336450186734e2 1.3730034069241788e2 5.8423709821264477e-2 2.3030000000000000e3
1.5495199244805961e-3 5.6764818175170979e2 1.3689152837518560e2 5.8598186156482802e-2 2.3030000000000000e3
1.5533874733126821e-3 5.6834266725505518e2 1.3648665412707305e2 5.8772011917782328e-2 2.3030000000000000e3
1.5572436220447955e-3 5.6902691156039964e2 1.3608571169478964e2 5.8945168916522621e-2 2.3030000000000000e3
1.5610884818303367e-3 5.6970100557685203e2 1.3568869422012253e2 5.9117639159836324e-2 2.3030000000000000e3
1.5649221636202108e-3 5.7036504055041053e2 1.3529559424943906e2 5.9289404858117394e-2 2.3030000000000000e3
1.5687447781461146e-3 5.7101910804036027e2 1.3490640374324749e2 5.9460448432390144e-2 2.3030000000000000e3
1.5725564359040955e-3 5.7166329989579935e2 1.3452111408581121e2 5.9630752521552761e-2 2.3030000000000000e3
1.5763572471383842e-3 5.7229770823229944e2 1.3413971609481203e2 5.9800299989488458e-2 2.3030000000000000e3
1.5801473218255008e-3 5.7292242540871007e2 1.3376220003105902e2 5.9969073932037542e-2 2.3030000000000000e3
1.5839267696586353e-3 5.7353754400411208e2 1.3338855560823649e2 6.0137057683824671e-2 2.3030000000000000e3
1.5876957000323063e-3 5.7414315679492961e2 1.3301877200268913e2 6.0304234824934376e-2 2.3030000000000000e3
1.5914542220272958e-3 5.7473935673220535e2 1.3265283786323891e2 6.0470589187429188e-2 2.3030000000000000e3
1.5952024443958619e-3 5.7532623691904757e2 1.3229074132102926e2 6.0636104861704641e-2 2.3030000000000000e3
1.5989404755472312e-3 5.7590389058825610e2 1.3193246999939342e2 6.0800766202675154e-2 2.3030000000000000e3
1.6026684235333701e-3 5.7647241108013247e2 1.3157801102374194e2 6.0964557835785770e-2 2.3030000000000000e3
1.6063863960350368e-3 5.7703189182048197e2 1.3122735103146627e2 6.1127464662843946e-2 2.3030000000000000e3
1.6100945003481133e-3 5.7758242629881465e2 1.3088047618185323e2 6.1289471867667145e-2 2.3030000000000000e3
1.6137928433702176e-3 5.7812410804675085e2 1.3053737216600800e2 6.1450564921540538e-2 2.3030000000000000e3
1.6174815315875971e-3 5.7865703061663748e2 1.3019802421678057e2 6.1610729588481038e-2 2.3030000000000000e3
1.6211606710623033e-3 5.7918128756038243e2 1.2986241711869249e2 6.1769951930302845e-2 2.3030000000000000e3
1.6248303674196471e-3 5.7969697240851178e2 1.2953053521786023e2 6.1928218311480578e-2 2.3030000000000000e3
1.6284907258359335e-3 5.8020417864945705e2 1.2920236243191101e2 6.2085515403806281e-2 2.3030000000000000e3
1.6321418510264788e-3 5.8070299970907706e2 1.2887788225988831e2 6.2241830190836386e-2 2.3030000000000000e3
1.6357838472339076e-3 5.8119352893042230e2 1.2855707779214299e2 6.2397149972125671e-2 2.3030000000000000e3
1.6394168182167271e-3 5.8167585955374443e2 1.2823993172020650e2 6.2551462367245070e-2 2.3030000000000000e3
1.6430408672381831e-3 5.8215008469675820e2 1.2792642634664318e2 6.2704755319580308e-2 2.3030000000000000e3
1.6466560970553931e-3 5.8261629733516190e2 1.2761654359487825e2 6.2857017099909221e-2 2.3030000000000000e3
1.6502626099087578e-3 5.8307459028341873e2 1.2731026501899775e2 6.3008236309755203e-2 2.3030000000000000e3
1.6538605075116489e-3 5.8352505617580755e2 1.2700757181351807e2 6.3158401884514992e-2 2.3030000000000000e3
1.6574498910403733e-3 5.8396778744774440e2 1.2670844482312104e2 6.3307503096359033e-2 2.3030000000000000e3
1.6610308611244111e-3 5.8440287631738283e2 1.2641286455235215e2 6.3455529556903117e-2 2.3030000000000000e3
1.6646035178369291e-3 5.8483041476749486e2 1.2612081117527855e2 6.3602471219650056e-2 2.3030000000000000e3
1.6681679606855664e-3 5.8525049452763869e2 1.2583226454510407e2 6.3748318382200492e-2 2.3030000000000000e3
1.6717242886034908e-3 5.8566320705661735e2 1.2554720420373837e2 6.3893061688232444e-2 2.3030000000000000e3
1.6752725999407251e-3 5.8606864352523064e2 1.2526560939131720e2 6.4036692129249256e-2 2.3030000000000000e3
1.6788129924557443e-3 5.8646689479932672e2 1.2498745905567125e2 6.4179201046095646e-2 2.3030000000000000e3
1.6823455633073361e-3 5.8685805142315576e2 1.2471273186174072e2 6.4320580130242749e-2 2.3030000000000000e3
1.6858704090467306e-3 5.8724220360302888e2 1.2444140620093336e2 6.4460821424841844e-2 2.3030000000000000e3
1.6893876256099923e-3 5.8761944119128748e2 1.2417346020042257e2 6.4599917325548400e-2 2.3030000000000000e3
1.6928973083106744e-3 5.8798985367058322e2 1.2390887173238440e2 6.4737860581116691e-2 2.3030000000000000e3
1.6963995518327337e-3 5.8835353013847612e2 1.2364761842316965e2 6.4874644293767089e-2 2.3030000000000000e3
1.6998944502237046e-3 5.8871055929234888e2 1.2338967766240958e2 6.5010261919326948e-2 2.3030000000000000e3
1.7033820968881278e-3 5.8906102941464405e2 1.2313502661205268e2 6.5144707267147370e-2 2.3030000000000000e3
1.7068625845812358e-3 5.8940502835842415e2 1.2288364221533017e2 6.5277974499797581e-2 2.3030000000000000e3
1.7103360054028917e-3 5.8974264353325793e2 1.2263550120564817e2 6.5410058132539556e-2 2.3030000000000000e3
1.7138024507917749e-3 5.9007396189143549e2 1.2239058011540446e2 6.5540953032585142e-2 2.3030000000000000e3
1.7172620115198200e-3 5.9039906991451323e2 1.2214885528472786e2 6.5670654418138491e-2 2.3030000000000000e3
1.7207147776868964e-3 5.9071805360019061e2 1.2191030287013785e2 6.5799157857227161e-2 2.3030000000000000e3
1.7241608387157375e-3 5.9103099844952203e2 1.2167489885312300e2 6.5926459266324552e-2 2.3030000000000000e3
1.7276002833471068e-3 5.9133798945446188e2 1.2144261904863636e2 6.6052554908767380e-2 2.3030000000000000e3
1.7310331996352060e-3 5.9163911108574803e2 1.2121343911350537e2 6.6177441392971936e-2 2.3030000000000000e3
1.7344596749433187e-3 5.9193444728112161e2 1.2098733455475566e2 6.6301115670452368e-2 2.3030000000000000e3
1.7378797959396880e-3 5.9222408143388509e2 1.2076428073784606e2 6.6423575033645696e-2 2.3030000000000000e3
1.7412936485936270e-3 5.9250809638180067e2 1.2054425289481368e2 6.6544817113547317e-2 2.3030000000000000e3
1.7447013181718575e-3 5.9278657439632696e2 1.2032722613232775e2 6.6664839877161014e-2 2.3030000000000000e3
1.7481028892350761e-3 5.9305959717219594e2 1.2011317543965038e2 6.6783641624768630e-2 2.3030000000000000e3
1.7514984456347424e-3 5.9332724581733078e2 1.1990207569650299e2 6.6901220987023557e-2 2.3030000000000000e3
1.7548880705100919e-3 5.9358960084310252e2 1.1969390168083697e2 6.7017576921872810e-2 2.3030000000000000e3
1.7582718462853635e-3 5.9384674215492771e2 1.1948862807650767e2 6.7132708711312730e-2 2.3030000000000000e3
1.7616498546672449e-3 5.9409874904320452e2 1.1928622948084993e2 6.7246615957983230e-2 2.3030000000000000e3
1.7650221766425313e-3 5.9434570017458805e2 1.1908668041215458e2 6.7359298581605678e-2 2.3030000000000000e3
1.7683888924759927e-3 5.9458767358360421e2 1.1888995531704433e2 6.7470756815269650e-2 2.3030000000000000e3
1.7717500817084487e-3 5.9482474666459984e2 1.1869602857774829e2 6.7580991201573903e-2 2.3030000000000000e3
1.7751058231550497e-3 5.9505699616403001e2 1.1850487451927431e2 6.7690002588626799e-2 2.3030000000000000e3
1.7784561949037569e-3 5.9528449817307842e2 1.1831646741647764e2 6.7797792125911846e-2 2.3030000000000000e3
1.7818012743140233e-3 5.9550732812061312e2 1.1813078150102585e2 6.7904361260023610e-2 2.3030000000000000e3
1.7851411380156673e-3 5.9572556076647254e2 1.1794779096825866e2 6.8009711730279809e-2 2.3030000000000000e3
1.7884758619079422e-3 5.9593927019508146e2 1.1776746998394179e2 6.8113845564215306e-2 2.3030000000000000e3
1.7918055211587924e-3 5.9614852980939645e2 1.1758979269091512e2 6.8216765072962954e-2 2.3030000000000000e3
1.7951301902042987e-3 5.9635341232517465e2 1.1741473321563346e2 6.8318472846527908e-2 2.3030000000000000e3
1.7984499427483049e-3 5.9655398976556830e2 1.1724226567459989e2 6.8418971748960514e-2 2.3030000000000000e3
1.8017648517622271e-3 5.9675033345603993e2 1.1707236418069107e2 6.8518264913433671e-2 2.3030000000000000e3
1.8050749894850380e-3 5.9694251401959605e2 1.1690500284937421e2 6.8616355737230211e-2 2.3030000000000000e3
1.8083804274234279e-3 5.9713060137233583e2 1.1674015580481503e2 6.8713247876646358e-2 2.3030000000000000e3
1.8116812363521357e-3 5.9731466471931469e2 1.1657779718587672e2 6.8808945241816424e-2 2.3030000000000000e3
1.8149774863144481e-3 5.9749477255071702e2 1.1641790115200919e2 6.8903451991464901e-2 2.3030000000000000e3
1.8182692466228642e-3 5.9767099263833518e2 1.1626044188902875e2 6.8996772527591385e-2 2.3030000000000000e3
1.8215565858599222e-3 5.9784339203235356e2 1.1610539361478793e2 6.9088911490093691e-2 2.3030000000000000e3
1.8248395718791840e-3 5.9801203705843238e2 1.1595273058473508e2 6.9179873751335344e-2 2.3030000000000000e3
1.8281182718063776e-3 5.9817699331508788e2 1.1580242709736414e2 6.9269664410662055e-2 2.3030000000000000e3
1.8313927520406902e-3 5.9833832567136596e2 1.1565445749955396e2 6.9358288788873609e-2 2.3030000000000000e3
1.8346630782562108e-3 5.9849609826480605e2 1.1550879619179766e2 6.9445752422655688e-2 2.3030000000000000e3
1.8379293154035211e-3 5.9865037449968929e2 1.1536541763332200e2 6.9532061058977399e-2 2.3030000000000000e3
1.8411915277114278e-3 5.9880121704556893e2 1.1522429634709647e2 6.9617220649459910e-2 2.3030000000000000e3
1.8444497786888356e-3 5.9894868783607899e2 1.1508540692473311e2 6.9701237344720599e-2 2.3030000000000000e3
1.8477041311267582e-3 5.9909284806801440e2 1.1494872403127614e2 6.9784117488698658e-2 2.3030000000000000e3
1.8509546471004612e-3 5.9923375820068270e2 1.1481422240988262e2 6.9865867612966689e-2 2.3030000000000000e3
1.8542013879717383e-3 5.9937147795551869e2 1.1468187688639377e2 6.9946494431033165e-2 2.3030000000000000e3
1.8574444143913138e-3 5.9950606631596020e2 1.1455166237379797e2 7.0026004832640446e-2 2.3030000000000000e3
1.8606837863013707e-3 5.9963758152757941e2 1.1442355387658483e2 7.0104405878063519e-2 2.3030000000000000e3
1.8639195629381999e-3 5.9976608109846609e2 1.1429752649499180e2 7.0181704792413480e-2 2.3030000000000000e3
1.8671518028349665e-3 5.9989162179985624e2 1.1417355542914284e2 7.0257908959950433e-2 2.3030000000000000e3
1.8703805638245958e-3 6.0001425966700435e2 1.1405161598308044e2 7.0333025918410286e-2 2.3030000000000000e3
1.8736059030427686e-3 6.0013405000029047e2 1.1393168356869073e2 7.0407063353349467e-2 2.3030000000000000e3
1.8768278769310258e-3 6.0025104736656181e2 1.1381373370952316e2 7.0480029092511706e-2 2.3030000000000000e3
1.8800465412399819e-3 6.0036530560070048e2 1.1369774204450437e2 7.0551931100220996e-2 2.3030000000000000e3
1.8832619510326400e-3 6.0047687780741353e2 1.1358368433154757e2 7.0622777471804510e-2 2.3030000000000000e3
1.8864741606878094e-3 6.0058581636324095e2 1.1347153645105794e2 7.0692576428049103e-2 2.3030000000000000e3
1.8896832239036190e-3 6.0069217291877590e2 1.1336127440933446e2 7.0761336309695319e-2 2.3030000000000000e3
1.8928891937011259e-3 6.0079599840109222e2 1.1325287434186919e2 7.0829065571972133e-2 2.3030000000000000e3
1.8960921224280176e-3 6.0089734301637418e2 1.1314631251654497e2 7.0895772779175678e-2 2.3030000000000000e3
1.8992920617624013e-3 6.0099625625274291e2 1.1304156533673159e2 7.0961466599295628e-2 2.3030000000000000e3
1.9024890627166793e-3 6.0109278688327618e2 1.1293860934428206e2 7.1026155798691856e-2 2.3030000000000000e3
1.9056831756415103e-3 6.0118698296921332e2 1.1283742122242921e2 7.1089849236824668e-2 2.3030000000000000e3
1.9088744502298478e-3 6.0127889186334289e2 1.1273797779858407e2 7.1152555861041175e-2 2.3030000000000000e3
1.9120629355210590e-3 6.0136856021356664e2 1.1264025604703623e2 7.1214284701420785e-2 2.3030000000000000e3
1.9152486799051173e-3 6.0145603396663410e2 1.1254423309155777e2 7.1275044865682174e-2 2.3030000000000000e3
1.9184317311268678e-3 6.0154135837204467e2 1.1244988620791129e2 7.1334845534154243e-2 2.3030000000000000e3
1.9216121362903619e-3 6.0162457798610876e2 1.1235719282626307e2 7.1393695954813444e-2 2.3030000000000000e3
1.9247899418632594e-3 6.0170573667616657e2 1.1226613053350265e2 7.1451605438389576e-2 2.3030000000000000e3
1.9279651936812945e-3 6.0178487762495615e2 1.1217667707546930e2 7.1508583353542113e-2 2.3030000000000000e3
1.9311379369528034e-3 6.0186204333512728e2 1.1208881035908691e2 7.1564639122109044e-2 2.3030000000000000e3
1.9343082162633118e-3 6.0193727563389598e2 1.1200250845440806e2 7.1619782214430119e-2 2.3030000000000000e3
1.9374760755801780e-3 6.0201061567783381e2 1.1191774959656860e2 7.1674022144745803e-2 2.3030000000000000e3
1.9406415582572908e-3 6.0208210395778701e2 1.1183451218765325e2 7.1727368466674213e-2 2.3030000000000000e3
1.9438047070398175e-3 6.0215178030392212e2 1.1175277479847423e2 7.1779830768766664e-2 2.3030000000000000e3
1.9469655640690041e-3 6.0221968389088897e2 1.1167251617026325e2 7.1831418670143699e-2 2.3030000000000000e3
1.9501241708870184e-3 6.0228585324310188e2 1.1159371521627813e2 7.1882141816212830e-2 2.3030000000000000e3
1.9532805684418396e-3 6.0235032624012854e2 1.1151635102332574e2 7.1932009874468600e-2 2.3030000000000000e3
1.9564347970921904e-3 6.0241314012218470e2 1.1144040285320153e2 7.1981032530376604e-2 2.3030000000000000e3
1.9595868966125057e-3 6.0247433149572976e2 1.1136585014404777e2 7.2029219483341830e-2 2.3030000000000000e3
1.9627369061979423e-3 6.0253393633915744e2 1.1129267251163080e2 7.2076580442762439e-2 2.3030000000000000e3
1.9658848644694212e-3 6.0259199000857632e2 1.1122084975053914e2 7.2123125124169338e-2 2.3030000000000000e3
1.9690308094787033e-3 6.0264852724367813e2 1.1115036183530330e2 7.2168863245452547e-2 2.3030000000000000e3
1.9721747787134940e-3 6.0270358217368505e2 1.1108118892143857e2 7.2213804523174413e-2 2.3030000000000000e3
1.9753168091025826e-3 6.0275718832337634e2 1.1101331134641210e2 7.2257958668970265e-2 2.3030000000000000e3
1.9784569370209985e-3 6.0280937861918437e2 1.1094670963053547e2 7.2301335386036697e-2 2.3030000000000000e3
1.9815951982951976e-3 6.0286018539536008e2 1.1088136447778376e2 7.2343944365707943e-2 2.3030000000000000e3
1.9847316282082723e-3 6.0290964040020151e2 1.1081725677654271e2 7.2385795284119925e-2 2.3030000000000000e3
1.9878662615051760e-3 6.0295777480234005e2 1.1075436760028488e2 7.2426897798962650e-2 2.3030000000000000e3
1.9909991323979704e-3 6.0300461919708232e2 1.1069267820817625e2 7.2467261546320258e-2 2.3030000000000000e3
1.9941302745710870e-3 6.0305020361280151e2 1.1063217004561454e2 7.2506896137599072e-2 2.3030000000000000e3
1.9972597211866030e-3 6.0309455751737585e2 1.1057282474470036e2 7.2545811156543141e-2 2.3030000000000000e3
2.0003875048895301e-3 6.0313770982466735e2 1.1051462412464225e2 7.2584016156337264e-2 2.3030000000000000e3
2.0035136578131136e-3 6.0317968890104112e2 1.1045755019209754e2 7.2621520656796723e-2 2.3030000000000000e3
2.0066382115841411e-3 6.0322052257191558e2 1.1040158514144943e2 7.2658334141643827e-2 2.3030000000000000e3
2.0097611973282554e-3 6.0326023812834546e2 1.1034671135502219e2 7.2694466055870238e-2 2.3030000000000000e3
2.0128826456752755e-3 6.0329886233362993e2 1.1029291140323551e2 7.2729925803184978e-2 2.3030000000000000e3
2.0160025867645222e-3 6.0333642142994358e2 1.1024016804469906e2 7.2764722743547144e-2 2.3030000000000000e3
2.0191210502501383e-3 6.0337294114498593e2 1.1018846422624884e2 7.2798866190783032e-2 2.3030000000000000e3
2.0222380653064200e-3 6.0340844669864714e2 1.1013778308292633e2 7.2832365410286606e-2 2.3030000000000000e3
2.0253536606331382e-3 6.0344296280968524e2 1.1008810793790170e2 7.2865229616802751e-2 2.3030000000000000e3
2.0284678644608596e-3 6.0347651370241181e2 1.1003942230234253e2 7.2897467972292393e-2 2.3030000000000000e3
2.0315807045562647e-3 6.0350912311338266e2 1.0999170987522908e2 7.2929089583878656e-2 2.3030000000000000e3
2.0346922082274577e-3 6.0354081429809082e2 1.0994495454311729e2 7.2960103501873111e-2 2.3030000000000000e3
2.0378024023292706e-3 6.0357161003765816e2 1.0989914037985089e2 7.2990518717881314e-2 2.3030000000000000e3
2.0409113132685572e-3 6.0360153264552264e2 1.0985425164622382e2 7.3020344162986348e-2 2.3030000000000000e3
2.0440189670094776e-3 6.0363060397411778e2 1.0981027278959408e2 7.3049588706009666e-2 2.3030000000000000e3
2.0471253890787708e-3 6.0365884542154254e2 1.0976718844345035e2 7.3078261151847970e-2 2.3030000000000000e3
2.0502306045710158e-3 6.0368627793821815e2 1.0972498342693233e2 7.3106370239885116e-2 2.3030000000000000e3
2.0533346381538748e-3 6.0371292203352778e2 1.0968364274430643e2 7.3133924642477893e-2 2.3030000000000000e3
2.0564375140733264e-3 6.0373879778243918e2 1.0964315158439742e2 7.3160932963514641e-2 2.3030000000000000e3
2.0595392561588753e-3 6.0376392483210532e2 1.0960349531997775e2 7.3187403737045353e-2 2.3030000000000000e3
2.0626398878287504e-3 6.0378832240844167e2 1.0956465950711561e2 7.3213345425982138e-2 2.3030000000000000e3
2.0657394320950824e-3 6.0381200932267700e2 1.0952662988448239e2 7.3238766420868975e-2 2.3030000000000000e3
2.0688379115690572e-3 6.0383500397787589e2 1.0948939237262132e2 7.3263675038719417e-2 2.3030000000000000e3
2.0719353484660520e-3 6.0385732437543038e2 1.0945293307317820e2 7.3288079521920929e-2 2.3030000000000000e3
2.0750317646107503e-3 6.0387898812151900e2 1.0941723826809522e2 7.3311988037204692e-2 2.3030000000000000e3
2.0781271814422297e-3 6.0390001243353015e2 1.0938229441876925e2 7.3335408674679636e-2 2.3030000000000000e3
2.0812216200190277e-3 6.0392041414644871e2 1.0934808816517540e2 7.3358349446929316e-2 2.3030000000000000e3
2.0843151010241806e-3 6.0394020971920349e2 1.0931460632495721e2 7.3380818288170446e-2 2.3030000000000000e3
2.0874076447702380e-3 6.0395941524097327e2 1.0928183589248457e2 7.3402823053471664e-2 2.3030000000000000e3
2.0904992712042496e-3 6.0397804643745098e2 1.0924976403788001e2 7.3424371518031439e-2 2.3030000000000000e3
2.0935899999127254e-3 6.0399611867706199e2 1.0921837810601535e2 7.3445471376513444e-2 2.3030000000000000e3
2.0966798501265626e-3 6.0401364697713745e2 1.0918766561547841e2 7.3466130242438615e-2 2.3030000000000000e3
2.0997688407259486e-3 6.0403064601003916e2 1.0915761425751231e2 7.3486355647631979e-2 2.3030000000000000e3
2.1028569902452289e-3 6.0404713010923513e2 1.0912821189492716e2 7.3506155041723517e-2 2.3030000000000000e3
2.1059443168777469e-3 6.0406311327532444e2 1.0909944656098602e2 7.3525535791701221e-2 2.3030000000000000e3
2.1090308384806504e-3 6.0407860918201004e2 1.0907130645826552e2 7.3544505181515493e-2 2.3030000000000000e3
2.1121165725796662e-3 6.0409363118201759e2 1.0904377995749253e2 7.3563070411733281e-2 2.3030000000000000e3
2.1152015363738400e-3 6.0410819231296057e2 1.0901685559635773e2 7.3581238599240761e-2 2.3030000000000000e3
2.1182857467402449e-3 6.0412230530314901e2 1.0899052207830695e2 7.3599016776993306e-2 2.3030000000000000e3
2.1213692202386538e-3 6.0413598257734054e2 1.0896476827131150e2 7.3616411893811337e-2 2.3030000000000000e3
2.1244519731161752e-3 6.0414923626243410e2 1.0893958320661797e2 7.3633430814220968e-2 2.3030000000000000e3
2.1275340213118585e-3 6.0416207819310546e2 1.0891495607747896e2 7.3650080318337918e-2 2.3030000000000000e3
2.1306153804612564e-3 6.0417451991738096e2 1.0889087623786543e2 7.3666367101793639e-2 2.3030000000000000e3
2.1336960659009553e-3 6.0418657270215203e2 1.0886733320116116e2 7.3682297775702441e-2 2.3030000000000000e3
2.1367760926730667e-3 6.0419824753862736e2 1.0884431663884116e2 7.3697878866668010e-2 2.3030000000000000e3
2.1398554755296829e-3 6.0420955514772322e2 1.0882181637913376e2 7.3713116816828725e-2 2.3030000000000000e3
2.1429342289372914e-3 6.0422050598539056e2 1.0879982240566814e2 7.3728017983939936e-2 2.3030000000000000e3
2.1460123670811533e-3 6.0423111024787818e2 1.0877832485610777e2 7.3742588641492302e-2 2.3030000000000000e3
2.1490899038696426e-3 6.0424137787693314e2 1.0875731402077052e2 7.3756834978865010e-2 2.3030000000000000e3
2.1521668529385449e-3 6.0425131856493442e2 1.0873678034123635e2 7.3770763101512718e-2 2.3030000000000000e3
2.1552432276553167e-3 6.0426094175996320e2 1.0871671440894349e2 7.3784379031184955e-2 2.3030000000000000e3
2.1583190411233093e-3 6.0427025667080670e2 1.0869710696377376e2 7.3797688706176756e-2 2.3030000000000000e3
2.1613943061859443e-3 6.0427927227189673e2 1.0867794889262771e2 7.3810697981609830e-2 2.3030000000000000e3
2.1644690354308558e-3 6.0428799730818173e2 1.0865923122799065e2 7.3823412629742666e-2 2.3030000000000000e3
2.1675432411939893e-3 6.0429644029993210e2 1.0864094514648987e2 7.3835838340308713e-2 2.3030000000000000e3
2.1706169355636576e-3 6.0430460954747980e2 1.0862308196744434e2 7.3847980720881612e-2 2.3030000000000000e3
2.1736901303845597e-3 6.0431251313588973e2 1.0860563315140698e2 7.3859845297266274e-2 2.3030000000000000e3
2.1767628372617556e-3 6.0432015893956589e2 1.0858859029870067e2 7.3871437513914909e-2 2.3030000000000000e3
2.1798350675646008e-3 6.0432755462678881e2 1.0857194514794854e2 7.3882762734366836e-2 2.3030000000000000e3
2.1829068324306354e-3 6.0433470766418748e2 1.0855568957459911e2 7.3893826241711258e-2 2.3030000000000000e3
2.1859781427694398e-3 6.0434162532114294e2 1.0853981558944696e2 7.3904633239071871e-2 2.3030000000000000e3
2.1890490092664398e-3 6.0434831467412562e2 1.0852431533714989e2 7.3915188850112293e-2 2.3030000000000000e3
2.1921194423866735e-3 6.0435478261096603e2 1.0850918109474257e2 7.3925498119561700e-2 2.3030000000000000e3
2.1951894523785168e-3 6.0436103583505712e2 1.0849440527014805e2 7.3935566013759169e-2 2.3030000000000000e3
2.1982590492773653e-3 6.0436708086949216e2 1.0847998040068698e2 7.3945397421216474e-2 2.3030000000000000e3
2.2013282429092745e-3 6.0437292406113397e2 1.0846589915158570e2 7.3954997153197921e-2 2.3030000000000000e3
2.2043970428945571e-3 6.0437857158461986e2 1.0845215431448349e2 7.3964369944316627e-2 2.3030000000000000e3
2.2074654586513396e-3 6.0438402944629865e2 1.0843873880593954e2 7.3973520453146438e-2 2.3030000000000000e3
2.2105334993990744e-3 6.0438930348810379e2 1.0842564566594039e2 7.3982453262848177e-2 2.3030000000000000e3
2.2136011741620133e-3 6.0439439939135957e2 1.0841286805640810e2 7.3991172881810230e-2 2.3030000000000000e3
2.2166684917726341e-3 6.0439932268052291e2 1.0840039925970983e2 7.3999683744301784e-2 2.3030000000000000e3
2.2197354608750287e-3 6.0440407872686046e2 1.0838823267716927e2 7.4007990211138755e-2 2.3030000000000000e3
2.2228020899282492e-3 6.0440867275206119e2 1.0837636182758051e2 7.4016096570360887e-2 2.3030000000000000e3
2.2258683872096066e-3 6.0441310983178460e2 1.0836478034572455e2 7.4024007037920031e-2 2.3030000000000000e3
2.2289343608179364e-3 6.0441739489914664e2 1.0835348198088947e2 7.4031725758378103e-2 2.3030000000000000e3
2.2320000186768149e-3 6.0442153274814143e2 1.0834246059539380e2 7.4039256805614878e-2 2.3030000000000000e3
2.2350653685377355e-3 6.0442552803700028e2 1.0833171016311469e2 7.4046604183544085e-2 2.3030000000000000e3
2.2381304179832492e-3 6.0442938529149001e2 1.0832122476802017e2 7.4053771826837755e-2 2.3030000000000000e3
2.2411951744300529e-3 6.0443310890814837e2 1.0831099860270692e2 7.4060763601657878e-2 2.3030000000000000e3
2.2442596451320461e-3 6.0443670315745896e2 1.0830102596694282e2 7.4067583306394888e-2 2.3030000000000000e3
2.2473238371833425e-3 6.0444017218696570e2 1.0829130126621591e2 7.4074234672412267e-2 2.3030000000000000e3
2.2503877575212393e-3 6.0444352002432754e2 1.0828181901028930e2 7.4080721364796570e-2 2.3030000000000000e3
2.2534514129291488e-3 6.0444675058031305e2 1.0827257381176236e2 7.4087046983112678e-2 2.3030000000000000e3
2.2565148100394863e-3 6.0444986765173769e2 1.0826356038463932e2 7.4093215062163195e-2 2.3030000000000000e3
2.2595779553365200e-3 6.0445287492434170e2 1.0825477354290462e2 7.4099229072751918e-2 2.3030000000000000e3
2.2626408551591802e-3 6.0445577597561112e2 1.0824620819910595e2 7.4105092422450558e-2 2.3030000000000000e3
2.2657035157038273e-3 6.0445857427754208e2 1.0823785936294537e2 7.4110808456368291e-2 2.3030000000000000e3
2.2687659430269827e-3 6.0446127319934874e2 1.0822972213987822e2 7.4116380457923611e-2 2.3030000000000000e3
2.2718281430480157e-3 6.0446387601011497e2 1.0822179172972083e2 7.4121811649618161e-2 2.3030000000000000e3
2.2748901215517950e-3 6.0446638588139285e2 1.0821406342526659e2 7.4127105193811924e-2 2.3030000000000000e3
2.2779518841913003e-3 6.0446880588974523e2 1.0820653261091151e2 7.4132264193499151e-2 2.3030000000000000e3
2.2810134364901957e-3 6.0447113901923592e2 1.0819919476128851e2 7.4137291693085111e-2 2.3030000000000000e3
2.2840747838453620e-3 6.0447338816386673e2 1.0819204543991161e2 7.4142190679162806e-2 2.3030000000000000e3
2.2871359315293919e-3 6.0447555612996223e2 1.0818508029782970e2 7.4146964081289263e-2 2.3030000000000000e3
2.2901968846930501e-3 6.0447764563850319e2 1.0817829507229027e2 7.4151614772761318e-2 2.3030000000000000e3
2.2932576483676928e-3 6.0447965932740965e2 1.0817168558541330e2 7.4156145571390317e-2 2.3030000000000000e3
2.2963182274676496e-3 6.0448159975377359e2 1.0816524774287579e2 7.4160559240275106e-2 2.3030000000000000e3
2.2993786267925696e-3 6.0448346939604232e2 1.0815897753260641e2 7.4164858488573668e-2 2.3030000000000000e3
2.3024388510297310e-3 6.0448527065615338e2 1.0815287102349134e2 7.4169045972272363e-2 2.3030000000000000e3
2.3054989047563124e-3 6.0448700586162204e2 1.0814692436409086e2 7.4173124294952805e-2 2.3030000000000000e3
2.3085587924416297e-3 6.0448867726758135e2 1.0814113378136724e2 7.4177096008555959e-2 2.3030000000000000e3
2.3116185184493378e-3 6.0449028705877538e2 1.0813549557942359e2 7.4180963614143280e-2 2.3030000000000000e3
2.3146780870395931e-3 6.0449183735150700e2 1.0813000613825433e2 7.4184729562654539e-2 2.3030000000000000e3
2.3177375023711849e-3 6.0449333019554183e2 1.0812466191250731e2 7.4188396255661967e-2 2.3030000000000000e3
2.3207967685036301e-3 6.0449476757596665e2 1.0811945943025739e2 7.4191966046120619e-2 2.3030000000000000e3
2.3238558893992341e-3 6.0449615141500431e2 1.0811439529179221e2 7.4195441239114562e-2 2.3030000000000000e3
2.3269148689251144e-3 6.0449748357378667e2 1.0810946616840930e2 7.4198824092598883e-2 2.3030000000000000e3
2.3299737108551971e-3 6.0449876585408515e2 1.0810466880122581e2 7.4202116818137043e-2 2.3030000000000000e3
2.3330324188721727e-3 6.0450000000000011e2 1.0810000000000009e2 7.4205321581633357e-2 2.3030000000000000e3
