# 1:pos.x 2:pos.y 3:pos.z 4:volume 5:rho 6:vel.x 7:vel.y 8:vel.z 9:p 10:a 11:mu 12:k 13:k_modes[0] 14:mu_t 15:k_t 16:S 17:tke 18:omega 19:massf[0]-N2 20:u 21:T 22:u_modes[0] 23:T_modes[0] 24:dt_therm
-1.566227332482826418e+00 1.323430583993943400e-02 0.000000000000000000e+00 3.798024784160969336e-04 5.615359130293177828e-04 2.294952009302156057e+03 -5.264930610779295839e-14 0.000000000000000000e+00 4.999999999999984368e+01 3.530695398926387156e+02 1.775181978849806153e-05 2.690317944012814155e-02 1.245920066712480528e-05 0.000000000000000000e+00 0.000000000000000000e+00 0.000000000000000000e+00 0.000000000000000000e+00 1.000000000000000000e+00 9.999999999999995559e-01 2.226037499999993597e+05 2.999999999999990905e+02 1.388762631378042478e+01 3.000000000000000000e+02 -1.000000000000000000e+00
-1.551891967228056002e+00 1.306488523035336316e-02 0.000000000000000000e+00 3.749381427538972522e-04 5.615359130293177828e-04 2.294952009302156512e+03 -6.431562676725054916e-14 0.000000000000000000e+00 4.999999999999953104e+01 3.530695398926376356e+02 1.775181978849806153e-05 2.690317944012814155e-02 1.245920066712480528e-05 0.000000000000000000e+00 0.000000000000000000e+00 0.000000000000000000e+00 0.000000000000000000e+00 1.000000000000000000e+00 9.999999999999990008e-01 2.226037499999979627e+05 2.999999999999972147e+02 1.388762631378042478e+01 3.000000000000000000e+02 -1.000000000000000000e+00
-1.537556607137467113e+00 1.289546468179929295e-02 0.000000000000000000e+00 3.700738070916906319e-04 5.615359130293177828e-04 2.294952009302158331e+03 -1.572281364331512142e-13 0.000000000000000000e+00 4.999999999999953104e+01 3.530695398926376356e+02 1.775181978849806153e-05 2.690317944012814155e-02 1.245920066712480528e-05 0.000000000000000000e+00 0.000000000000000000e+00 0.000000000000000000e+00 0.000000000000000000e+00 1.000000000000000000e+00 9.999999999999997780e-01 2.226037499999979627e+05 2.999999999999972147e+02 1.388762631378042300e+01 3.000000000000000000e+02 -1.000000000000000000e+00
-1.523221252417342075e+00 1.272604419671533732e-02 0.000000000000000000e+00 3.652094714294840117e-04 5.615359130293182165e-04 2.294952009302157421e+03 -1.622064370998627744e-13 0.000000000000000000e+00 4.999999999999977973e+01 3.530695398926383746e+02 1.775181978849806153e-05 2.690317944012814155e-02 1.245920066712480528e-05 0.000000000000000000e+00 0.000000000000000000e+00 0.000000000000000000e+00 0.000000000000000000e+00 1.000000000000000000e+00 9.999999999999995559e-01 2.226037499999988941e+05 2.999999999999984652e+02 1.388762631378042123e+01 3.000000000000000000e+02 -1.000000000000000000e+00
-1.508885903285230645e+00 1.255662377767252473e-02 0.000000000000000000e+00 3.603451357672843303e-04 5.615359130293184333e-04 2.294952009302156966e+03 -2.390558081021245854e-13 0.000000000000000000e+00 4.999999999999990052e+01 3.530695398926387156e+02 1.775181978849806153e-05 2.690317944012814155e-02 1.245920066712480528e-05 0.000000000000000000e+00 0.000000000000000000e+00 0.000000000000000000e+00 0.000000000000000000e+00 1.000000000000000000e+00 9.999999999999995559e-01 2.226037499999993597e+05 2.999999999999990905e+02 1.388762631378042123e+01 3.000000000000000000e+02 -1.000000000000000000e+00
-1.494550559970464487e+00 1.238720342738134847e-02 0.000000000000000000e+00 3.554808001050638322e-04 5.615359130293185418e-04 2.294952009302157876e+03 -2.922188761269464920e-13 0.000000000000000000e+00 4.999999999999960920e+01 3.530695398926376356e+02 1.775181978849806153e-05 2.690317944012814155e-02 1.245920066712480528e-05 0.000000000000000000e+00 0.000000000000000000e+00 0.000000000000000000e+00 0.000000000000000000e+00 1.000000000000000000e+00 9.999999999999994449e-01 2.226037499999979627e+05 2.999999999999972147e+02 1.388762631378041945e+01 3.000000000000000000e+02 -1.000000000000000000e+00
-1.480215222715147050e+00 1.221778314870285154e-02 0.000000000000000000e+00 3.506164644428641508e-04 5.615359130293188670e-04 2.294952009302156057e+03 -2.961208513308495348e-13 0.000000000000000000e+00 5.000000000000016342e+01 3.530695398926395114e+02 1.775181978849806153e-05 2.690317944012814155e-02 1.245920066712480528e-05 0.000000000000000000e+00 0.000000000000000000e+00 0.000000000000000000e+00 0.000000000000000000e+00 1.000000000000000000e+00 9.999999999999993339e-01 2.226037500000002910e+05 3.000000000000003979e+02 1.388762631378041945e+01 3.000000000000000000e+02 -1.000000000000000000e+00
-1.465879891775094146e+00 1.204836294466092063e-02 0.000000000000000000e+00 3.457521287806575305e-04 5.615359130293190839e-04 2.294952009302156512e+03 -2.793037946129198741e-13 0.000000000000000000e+00 5.000000000000017764e+01 3.530695398926395114e+02 1.775181978849806153e-05 2.690317944012814155e-02 1.245920066712480528e-05 0.000000000000000000e+00 0.000000000000000000e+00 0.000000000000000000e+00 0.000000000000000000e+00 1.000000000000000000e+00 9.999999999999993339e-01 2.226037500000002910e+05 3.000000000000003979e+02 1.388762631378041768e+01 3.000000000000000000e+02 -1.000000000000000000e+00
-1.451544567420623988e+00 1.187894281844920075e-02 0.000000000000000000e+00 3.408877931184509102e-04 5.615359138251890727e-04 2.294952007738575048e+03 -6.403613000996417817e-08 0.000000000000000000e+00 5.000000043293974983e+01 3.530695411710128724e+02 1.775181978849806153e-05 2.690317944012814155e-02 1.245920066712480528e-05 0.000000000000000000e+00 0.000000000000000000e+00 1.000000000000000000e+00 0.000000000000000000e+00 1.000000000000000000e+00 9.999999999999994449e-01 2.226037516119813663e+05 3.000000021724450221e+02 1.388762631378041590e+01 3.000000000000000000e+02 -1.000000000000000000e+00
-1.437209249937807742e+00 1.170952277344942602e-02 0.000000000000000000e+00 3.360234574562442900e-04 6.559933941925923107e-04 2.089468659007191491e+03 6.881510472717198290e+00 0.000000000000000000e+00 1.303258028066898930e+02 5.273870836979245951e+02 1.775181978849806153e-05 2.690317944012814155e-02 1.245920066712480528e-05 0.000000000000000000e+00 0.000000000000000000e+00 1.000000000000000000e+00 0.000000000000000000e+00 1.000000000000000000e+00 9.999999999999984457e-01 4.966734572346459026e+05 6.693599598856433204e+02 1.388764937625546736e+01 3.000000445605957111e+02 -1.000000000000000000e+00
-1.422873939629257345e+00 1.154010281323814523e-02 0.000000000000000000e+00 3.311591217940446086e-04 2.091191385740399748e-03 6.472888036545422210e+02 3.114034274532192725e+01 0.000000000000000000e+00 1.598204690078137901e+03 1.034387652252226644e+03 1.775181978849806153e-05 2.690317944012814155e-02 1.245920066712480528e-05 0.000000000000000000e+00 0.000000000000000000e+00 1.000000000000000000e+00 0.000000000000000000e+00 1.000000000000000000e+00 9.999999999999815703e-01 1.910638955592631130e+06 2.574941736955416673e+03 4.813794092444586568e+02 4.393035483318122942e+02 -1.000000000000000000e+00
-1.408538636816076828e+00 1.137068294160926800e-02 0.000000000000000000e+00 3.262947861318310494e-04 2.981014078964559864e-03 4.230860197222152692e+02 1.640254152286363265e+01 0.000000000000000000e+00 2.429809128181057986e+03 1.068238150046622195e+03 1.775181978849806153e-05 2.690317944012814155e-02 1.245920066712480528e-05 0.000000000000000000e+00 0.000000000000000000e+00 0.000000000000000000e+00 0.000000000000000000e+00 1.000000000000000000e+00 9.999999999999950040e-01 2.037737045026838779e+06 2.746230077022743899e+03 2.473396920581697486e+03 5.589889991363920672e+02 -1.000000000000000000e+00
-1.394203341838410770e+00 1.120126316258370641e-02 0.000000000000000000e+00 3.214304504696105513e-04 3.055090278754015419e-03 3.970114234625988274e+02 1.144070150433531907e+01 0.000000000000000000e+00 2.497399096298190670e+03 1.069783681341273223e+03 1.775181978849806153e-05 2.690317944012814155e-02 1.245920066712480528e-05 0.000000000000000000e+00 0.000000000000000000e+00 0.000000000000000000e+00 0.000000000000000000e+00 1.000000000000000000e+00 9.999999999999945599e-01 2.043637722971583717e+06 2.754182339208010035e+03 5.344997183320054319e+03 6.410032356995687906e+02 -1.000000000000000000e+00
-1.379868055057495990e+00 1.103184348043032177e-02 0.000000000000000000e+00 3.165661148074247477e-04 3.067647248614679793e-03 3.835651805411903865e+02 9.824877470682812586e+00 0.000000000000000000e+00 2.509102772621234180e+03 1.070090562504692798e+03 1.775181978849806153e-05 2.690317944012814155e-02 1.245920066712480528e-05 0.000000000000000000e+00 0.000000000000000000e+00 0.000000000000000000e+00 0.000000000000000000e+00 1.000000000000000000e+00 9.999999999999962252e-01 2.044810378502874635e+06 2.755762710874647837e+03 8.526610447778715752e+03 7.033561144422997131e+02 -1.000000000000000000e+00
-1.365532776857077968e+00 1.086242389968427625e-02 0.000000000000000000e+00 3.117017791452042497e-04 3.087688836286933691e-03 3.686266760751118454e+02 9.244744140184664616e+00 0.000000000000000000e+00 2.527561777792002886e+03 1.070528278036488700e+03 1.775181978849806153e-05 2.690317944012814155e-02 1.245920066712480528e-05 0.000000000000000000e+00 0.000000000000000000e+00 0.000000000000000000e+00 0.000000000000000000e+00 1.000000000000000000e+00 9.999999999999971134e-01 2.046483560849589063e+06 2.758017635618792156e+03 1.189164484757510945e+04 7.555300019817439079e+02 -1.000000000000000000e+00
-1.351197507645225171e+00 1.069300442516861981e-02 0.000000000000000000e+00 3.068374434830080377e-04 3.103905726354892584e-03 3.548715000897170171e+02 8.980236824526413031e+00 0.000000000000000000e+00 2.541989511426638728e+03 1.070771082229383182e+03 1.775181978849806153e-05 2.690317944012814155e-02 1.245920066712480528e-05 0.000000000000000000e+00 0.000000000000000000e+00 0.000000000000000000e+00 0.000000000000000000e+00 1.000000000000000000e+00 9.999999999999986677e-01 2.047411983104794053e+06 2.759268857471799947e+03 1.539648732717294479e+04 8.015414100627070866e+02 -1.000000000000000000e+00
-1.336862247856340780e+00 1.052358506201694389e-02 0.000000000000000000e+00 3.019731078207910091e-04 3.121244408869354621e-03 3.409638022455013129e+02 8.826564165195337708e+00 0.000000000000000000e+00 2.557312425634974261e+03 1.071006295187726664e+03 1.775181978849806153e-05 2.690317944012814155e-02 1.245920066712480528e-05 0.000000000000000000e+00 0.000000000000000000e+00 0.000000000000000000e+00 0.000000000000000000e+00 1.000000000000000000e+00 9.999999999999980016e-01 2.048311579163821414e+06 2.760481230658272125e+03 1.904580629867519019e+04 8.437027830635008741e+02 -1.000000000000000000e+00
-1.322526997953217931e+00 1.035416581569889236e-02 0.000000000000000000e+00 2.971087721585947972e-04 3.137642628360077460e-03 3.272836570396834759e+02 8.700596003662397493e+00 0.000000000000000000e+00 2.571345820389385608e+03 1.071130840489583761e+03 1.775181978849806153e-05 2.690317944012814155e-02 1.245920066712480528e-05 0.000000000000000000e+00 0.000000000000000000e+00 0.000000000000000000e+00 0.000000000000000000e+00 1.000000000000000000e+00 9.999999999999986677e-01 2.048787995442718035e+06 2.761123290298637585e+03 2.283983179204881890e+04 8.832342229498788129e+02 -1.000000000000000000e+00
-1.308191758429526841e+00 1.018474669204874616e-02 0.000000000000000000e+00 2.922444364963881769e-04 3.153853714165454070e-03 3.136717830207132920e+02 8.579441274220755531e+00 0.000000000000000000e+00 2.585051244604650037e+03 1.071217905800075641e+03 1.775181978849806153e-05 2.690317944012814155e-02 1.245920066712480528e-05 0.000000000000000000e+00 0.000000000000000000e+00 0.000000000000000000e+00 0.000000000000000000e+00 1.000000000000000000e+00 9.999999999999997780e-01 2.049121074476249749e+06 2.761572176312729880e+03 2.678730265623616287e+04 9.209594450842789684e+02 -1.000000000000000000e+00
-1.293856529812359657e+00 1.001532769729572558e-02 0.000000000000000000e+00 2.873801008341711483e-04 3.169828057109754394e-03 3.000916578526150715e+02 8.483307177007546329e+00 0.000000000000000000e+00 2.598075813727112745e+03 1.071203727497891123e+03 1.775181978849806153e-05 2.690317944012814155e-02 1.245920066712480528e-05 0.000000000000000000e+00 0.000000000000000000e+00 0.000000000000000000e+00 0.000000000000000000e+00 1.000000000000000000e+00 9.999999999999992228e-01 2.049066831795314560e+06 2.761499074200656196e+03 3.089149881923431531e+04 9.573808838012319029e+02 -1.000000000000000000e+00
-1.279521312664992250e+00 9.845908838097227472e-03 0.000000000000000000e+00 2.825157651719645280e-04 3.185476110953237069e-03 2.865381893954929069e+02 8.395590945794529247e+00 0.000000000000000000e+00 2.610616405606714125e+03 1.071145266706968187e+03 1.775181978849806153e-05 2.690317944012814155e-02 1.245920066712480528e-05 0.000000000000000000e+00 0.000000000000000000e+00 0.000000000000000000e+00 0.000000000000000000e+00 1.000000000000000000e+00 9.999999999999990008e-01 2.048843182837039698e+06 2.761197665587897063e+03 3.515965072860859800e+04 9.928835584358854476e+02 -1.000000000000000000e+00
-1.265186107590305920e+00 9.676490121578128906e-03 0.000000000000000000e+00 2.776514295097683160e-04 3.200959183747148322e-03 2.729451254353099330e+02 8.325530260785781067e+00 0.000000000000000000e+00 2.622734142973391045e+03 1.071028640815810604e+03 1.775181978849806153e-05 2.690317944012814155e-02 1.245920066712480528e-05 0.000000000000000000e+00 0.000000000000000000e+00 0.000000000000000000e+00 0.000000000000000000e+00 1.000000000000000000e+00 9.999999999999990008e-01 2.048397052585290745e+06 2.760596422008107311e+03 3.960121920904173749e+04 1.027769037018267454e+03 -1.000000000000000000e+00
-1.250850915234144933e+00 9.507071555371260016e-03 0.000000000000000000e+00 2.727870938475651652e-04 3.216283754456597792e-03 2.592854046788201003e+02 8.272039694119003528e+00 0.000000000000000000e+00 2.634396464918690526e+03 1.070846956652591643e+03 1.775181978849806153e-05 2.690317944012814155e-02 1.245920066712480528e-05 0.000000000000000000e+00 0.000000000000000000e+00 0.000000000000000000e+00 0.000000000000000000e+00 1.000000000000000000e+00 9.999999999999991118e-01 2.047702151021638419e+06 2.759659912766480829e+03 4.422780561110773124e+04 1.062284879881616462e+03 -1.000000000000000000e+00
-1.236515736289292011e+00 9.337653147663757536e-03 0.000000000000000000e+00 2.679227581853481366e-04 3.231438196974104234e-03 2.455343168112709407e+02 8.238012216344108296e+00 0.000000000000000000e+00 2.645567716986578944e+03 1.070595791689538828e+03 1.775181978849806153e-05 2.690317944012814155e-02 1.245920066712480528e-05 0.000000000000000000e+00 0.000000000000000000e+00 0.000000000000000000e+00 0.000000000000000000e+00 1.000000000000000000e+00 9.999999999999991118e-01 2.046741694970268756e+06 2.758365519408727778e+03 4.905348416948935483e+04 1.096645310156622372e+03 -1.000000000000000000e+00
-1.222180571499658086e+00 9.168234907248129853e-03 0.000000000000000000e+00 2.630584225231380469e-04 3.246397887363854529e-03 2.316614787336941390e+02 8.223743019951482935e+00 0.000000000000000000e+00 2.656202502351633939e+03 1.070270943537599123e+03 1.775181978849806153e-05 2.690317944012814155e-02 1.245920066712480528e-05 0.000000000000000000e+00 0.000000000000000000e+00 0.000000000000000000e+00 0.000000000000000000e+00 1.000000000000000000e+00 9.999999999999996669e-01 2.045499808180111926e+06 2.756691845730512341e+03 5.409527340322866803e+04 1.131045544147041483e+03 -1.000000000000000000e+00
-1.207845421665292962e+00 8.998816843579615643e-03 0.000000000000000000e+00 2.581940868609383655e-04 3.261202436207032238e-03 2.176331374026182459e+02 8.221061050814878257e+00 0.000000000000000000e+00 2.666308393454547513e+03 1.069868322331241188e+03 1.775181978849806153e-05 2.690317944012814155e-02 1.245920066712480528e-05 0.000000000000000000e+00 0.000000000000000000e+00 0.000000000000000000e+00 0.000000000000000000e+00 1.000000000000000000e+00 9.999999999999988898e-01 2.043961119871187024e+06 2.754618176743905224e+03 5.937389416929788422e+04 1.165673451205546598e+03 -1.000000000000000000e+00
-1.193510287647754575e+00 8.829398966839843016e-03 0.000000000000000000e+00 2.533297511987282757e-04 3.275881767717903157e-03 2.034167317807802249e+02 8.224986354869589178e+00 0.000000000000000000e+00 2.675883331694984918e+03 1.069383540965131488e+03 1.775181978849806153e-05 2.690317944012814155e-02 1.245920066712480528e-05 0.000000000000000000e+00 0.000000000000000000e+00 0.000000000000000000e+00 0.000000000000000000e+00 1.000000000000000000e+00 9.999999999999988898e-01 2.042109210155576933e+06 2.752122383592698043e+03 6.491474279510730412e+04 1.200719357237614759e+03 -1.000000000000000000e+00
-1.179175170375961867e+00 8.659981288007441436e-03 0.000000000000000000e+00 2.484654155365147166e-04 3.290518591563324456e-03 1.889842284689527219e+02 8.228289693987145270e+00 0.000000000000000000e+00 2.684965896460026670e+03 1.068811776330791872e+03 1.775181978849806153e-05 2.690317944012814155e-02 1.245920066712480528e-05 0.000000000000000000e+00 0.000000000000000000e+00 0.000000000000000000e+00 0.000000000000000000e+00 1.000000000000000000e+00 9.999999999999990008e-01 2.039926095041754656e+06 2.749180229499846064e+03 7.075141444465942914e+04 1.236398846482589079e+03 -1.000000000000000000e+00
-1.164840070853097265e+00 8.490563818938506868e-03 0.000000000000000000e+00 2.436010798743185046e-04 3.305133065751465499e-03 1.743188643461075173e+02 8.231751504304215317e+00 0.000000000000000000e+00 2.693538166745450326e+03 1.068147209424569382e+03 1.775181978849806153e-05 2.690317944012814155e-02 1.245920066712480528e-05 0.000000000000000000e+00 0.000000000000000000e+00 0.000000000000000000e+00 0.000000000000000000e+00 1.000000000000000000e+00 9.999999999999981126e-01 2.037390108931241324e+06 2.745762516037453679e+03 7.692742435306840343e+04 1.272960640963159449e+03 -1.000000000000000000e+00
-1.150504990164047614e+00 8.321146572454318074e-03 0.000000000000000000e+00 2.387367442121049455e-04 3.319791147882437954e-03 1.594090828577086825e+02 8.231139889321264391e+00 0.000000000000000000e+00 2.701594292659652183e+03 1.067379116848630701e+03 1.775181978849806153e-05 2.690317944012814155e-02 1.245920066712480528e-05 0.000000000000000000e+00 0.000000000000000000e+00 0.000000000000000000e+00 0.000000000000000000e+00 1.000000000000000000e+00 9.999999999999981126e-01 2.034461034079577075e+06 2.741815042306668602e+03 8.349442024222359760e+04 1.310673284345525417e+03 -1.000000000000000000e+00
-1.136169929484005747e+00 8.151729562444118976e-03 0.000000000000000000e+00 2.338724085499052641e-04 3.334551958159652583e-03 1.442649006340704716e+02 8.218214128573485766e+00 0.000000000000000000e+00 2.709089277238824707e+03 1.066490354698110878e+03 1.775181978849806153e-05 2.690317944012814155e-02 1.245920066712480528e-05 0.000000000000000000e+00 0.000000000000000000e+00 0.000000000000000000e+00 0.000000000000000000e+00 1.000000000000000000e+00 9.999999999999987788e-01 2.031074422614468727e+06 2.737250952799944116e+03 9.052083895194821525e+04 1.349871559491916742e+03 -1.000000000000000000e+00
-1.121834890088015735e+00 7.982312803976644028e-03 0.000000000000000000e+00 2.290080728877021132e-04 3.349496924134825939e-03 1.289133201006531522e+02 8.181053273114221369e+00 0.000000000000000000e+00 2.715971286340936786e+03 1.065459174258022131e+03 1.775181978849806153e-05 2.690317944012814155e-02 1.245920066712480528e-05 0.000000000000000000e+00 0.000000000000000000e+00 0.000000000000000000e+00 0.000000000000000000e+00 1.000000000000000000e+00 9.999999999999995559e-01 2.027148664304618724e+06 2.731960262535494621e+03 9.809734220443398226e+04 1.390978095820405088e+03 -1.000000000000000000e+00
-1.107499873361819764e+00 7.812896313428886741e-03 0.000000000000000000e+00 2.241437372254816152e-04 3.364734950736140724e-03 1.134088789276945022e+02 8.102331560595164461e+00 0.000000000000000000e+00 2.722175233334607583e+03 1.064257274446810470e+03 1.775181978849806153e-05 2.690317944012814155e-02 1.245920066712480528e-05 0.000000000000000000e+00 0.000000000000000000e+00 0.000000000000000000e+00 0.000000000000000000e+00 1.000000000000000000e+00 9.999999999999996669e-01 2.022577761094560614e+06 2.725800119397665640e+03 1.063421392609559116e+05 1.434521069808571156e+03 -1.000000000000000000e+00
-1.093164880813969120e+00 7.643480108629917801e-03 0.000000000000000000e+00 2.192794015632819338e-04 3.380389014789214695e-03 9.784171132811721350e+01 7.965490966050639443e+00 0.000000000000000000e+00 2.727647472055958133e+03 1.062856902057116258e+03 1.775181978849806153e-05 2.690317944012814155e-02 1.245920066712480528e-05 0.000000000000000000e+00 0.000000000000000000e+00 0.000000000000000000e+00 0.000000000000000000e+00 1.000000000000000000e+00 9.999999999999996669e-01 2.017258561161518795e+06 2.718631507099299142e+03 1.154492716889393632e+05 1.481367319442808366e+03 -1.000000000000000000e+00
-1.078829914090150943e+00 7.474064209028936402e-03 0.000000000000000000e+00 2.144150659010718440e-04 3.396705689900116499e-03 8.231622386237384603e+01 7.774279290601839421e+00 0.000000000000000000e+00 2.732276485073026379e+03 1.061200340593910369e+03 1.775181978849806153e-05 2.690317944012814155e-02 1.245920066712480528e-05 0.000000000000000000e+00 0.000000000000000000e+00 0.000000000000000000e+00 0.000000000000000000e+00 1.000000000000000000e+00 9.999999999999996669e-01 2.010975290851127356e+06 2.710163630465965525e+03 1.256472701149689383e+05 1.532476051048090312e+03 -1.000000000000000000e+00
-1.064494974988681619e+00 7.304648635878751954e-03 0.000000000000000000e+00 2.095507302388652238e-04 3.414323155836590518e-03 6.692872454891831069e+01 7.541149812231768834e+00 0.000000000000000000e+00 2.736051737963852702e+03 1.059189968316316026e+03 1.775181978849806153e-05 2.690317944012814155e-02 1.245920066712480528e-05 0.000000000000000000e+00 0.000000000000000000e+00 0.000000000000000000e+00 0.000000000000000000e+00 1.000000000000000000e+00 9.999999999999995559e-01 2.003363194610569160e+06 2.699904913475944340e+03 1.372463467566495528e+05 1.589114993045539677e+03 -1.000000000000000000e+00
-1.050160065478907168e+00 7.135233412454261223e-03 0.000000000000000000e+00 2.046863945766638077e-04 3.433335452991795583e-03 5.173478160358413191e+01 7.278184839236585546e+00 0.000000000000000000e+00 2.738992471648950868e+03 1.056820716614548246e+03 1.775181978849806153e-05 2.690317944012814155e-02 1.245920066712480528e-05 0.000000000000000000e+00 0.000000000000000000e+00 0.000000000000000000e+00 0.000000000000000000e+00 1.000000000000000000e+00 9.999999999999995559e-01 1.994410762617299333e+06 2.687839844500327217e+03 1.509854549598573649e+05 1.654450724746783862e+03 -1.000000000000000000e+00
-1.035825187721895801e+00 6.965818564295468349e-03 0.000000000000000000e+00 1.998220589144537179e-04 3.454915895506028515e-03 3.677002773501025246e+01 7.012102558111706685e+00 0.000000000000000000e+00 2.741102108038116967e+03 1.053920579366642414e+03 1.775181978849806153e-05 2.690317944012814155e-02 1.245920066712480528e-05 0.000000000000000000e+00 0.000000000000000000e+00 0.000000000000000000e+00 0.000000000000000000e+00 1.000000000000000000e+00 9.999999999999975575e-01 1.983479620736641577e+06 2.673108095532948028e+03 1.682853402201963472e+05 1.734446221075997300e+03 -1.000000000000000000e+00
-1.021490344094404534e+00 6.796404119491994238e-03 0.000000000000000000e+00 1.949577232522470976e-04 3.484790081027917645e-03 2.202262930991127732e+01 6.796437910868101007e+00 0.000000000000000000e+00 2.742257863589705721e+03 1.049614573629452025e+03 1.775181978849806153e-05 2.690317944012814155e-02 1.245920066712480528e-05 0.000000000000000000e+00 0.000000000000000000e+00 0.000000000000000000e+00 0.000000000000000000e+00 1.000000000000000000e+00 9.999999999999954481e-01 1.967304916384529090e+06 2.651309669829725408e+03 1.916675338994686899e+05 1.839269813201259012e+03 -1.000000000000000000e+00
-1.007155537216474217e+00 6.626990109008423953e-03 0.000000000000000000e+00 1.900933875900404774e-04 3.544009713301208338e-03 7.418589286234990254e+00 6.630501820880049024e+00 0.000000000000000000e+00 2.743090057106667246e+03 1.040966129986674332e+03 1.775181978849806153e-05 2.690317944012814155e-02 1.245920066712480528e-05 0.000000000000000000e+00 0.000000000000000000e+00 0.000000000000000000e+00 0.000000000000000000e+00 1.000000000000000000e+00 9.999999999999981126e-01 1.935018721034702845e+06 2.607798010188107128e+03 2.370073869438245019e+05 2.034328123647545226e+03 -1.000000000000000000e+00
