0.000000000000000000e+00 5.941405774673892602e-08
1.000000000000000021e-03 4.381104352647142985e-02
2.000000000000000042e-03 6.144327428879303721e-02
3.000000000000000062e-03 7.477696714292500491e-02
4.000000000000000083e-03 8.588871988662610812e-02
5.000000000000000104e-03 9.558242852981498061e-02
6.000000000000000125e-03 1.042701571927681925e-01
7.000000000000000146e-03 1.121965615994136578e-01
8.000000000000000167e-03 1.195209654670962435e-01
9.000000000000001055e-03 1.263539783646745462e-01
1.000000000000000021e-02 1.327760932508596503e-01
1.099999999999999936e-02 1.388480449359512092e-01
1.200000000000000025e-02 1.446169944991753664e-01
1.300000000000000114e-02 1.501204278373739764e-01
1.400000000000000029e-02 1.553887231879133024e-01
1.499999999999999944e-02 1.604469041280255637e-01
1.600000000000000033e-02 1.653158731905945422e-01
1.700000000000000122e-02 1.700133026144893533e-01
1.800000000000000211e-02 1.745542919517813207e-01
1.899999999999999953e-02 1.789518630282762868e-01
2.000000000000000042e-02 1.832173388686419158e-01
2.100000000000000130e-02 1.873606381900735640e-01
2.199999999999999872e-02 1.913905073740031493e-01
2.299999999999999961e-02 1.953147054079388545e-01
2.400000000000000050e-02 1.991401529484703448e-01
2.500000000000000139e-02 2.028730536603717272e-01
2.600000000000000228e-02 2.065189938830767347e-01
2.699999999999999969e-02 2.100830251746604316e-01
2.800000000000000058e-02 2.135697331955884182e-01
2.900000000000000147e-02 2.169832955968812871e-01
2.999999999999999889e-02 2.203275309838426399e-01
3.099999999999999978e-02 2.236059405808474843e-01
3.200000000000000067e-02 2.268217438840795519e-01
3.300000000000000155e-02 2.299779093291254572e-01
3.400000000000000244e-02 2.330771807996260270e-01
3.500000000000000333e-02 2.361221006457055460e-01
3.600000000000000422e-02 2.391150297578768513e-01
3.699999999999999817e-02 2.420581651437065662e-01
3.799999999999999906e-02 2.449535553767185070e-01
3.899999999999999994e-02 2.478031142238638074e-01
4.000000000000000083e-02 2.506086327072853392e-01
4.100000000000000172e-02 2.533717898146238823e-01
4.200000000000000261e-02 2.560941620383582751e-01
4.300000000000000350e-02 2.587772318968816765e-01
4.399999999999999745e-02 2.614223955670082478e-01
4.499999999999999833e-02 2.640309697385095911e-01
4.599999999999999922e-02 2.666041977854193834e-01
4.700000000000000011e-02 2.691432553355163626e-01
4.800000000000000100e-02 2.716492553080863681e-01
4.900000000000000189e-02 2.741232524807509230e-01
5.000000000000000278e-02 2.765662476379929235e-01
5.100000000000000366e-02 2.789791913472575713e-01
5.200000000000000455e-02 2.813629874026980504e-01
5.299999999999999850e-02 2.837184959714943444e-01
5.399999999999999939e-02 2.860465364737606597e-01
5.500000000000000028e-02 2.883478902227760154e-01
5.600000000000000117e-02 2.906233028497268167e-01
5.700000000000000205e-02 2.928734865338961102e-01
5.800000000000000294e-02 2.950991220570988727e-01
5.900000000000000383e-02 2.973008606989717695e-01
5.999999999999999778e-02 2.994793259879099945e-01
6.099999999999999867e-02 3.016351153208575164e-01
6.199999999999999956e-02 3.037688014637690559e-01
6.300000000000000044e-02 3.058809339432929653e-01
6.400000000000000133e-02 3.079720403391001393e-01
6.500000000000000222e-02 3.100426274855185849e-01
6.600000000000000311e-02 3.120931825899665446e-01
6.700000000000000400e-02 3.141241742752491906e-01
6.800000000000000488e-02 3.161360535518347170e-01
6.900000000000000577e-02 3.181292547258834924e-01
7.000000000000000666e-02 3.201041962480405956e-01
7.100000000000000755e-02 3.220612815077137925e-01
7.200000000000000844e-02 3.240008995769960154e-01
7.299999999999999545e-02 3.259234259081252860e-01
7.399999999999999634e-02 3.278292229879601338e-01
7.499999999999999722e-02 3.297186409526157158e-01
7.599999999999999811e-02 3.315920181652795007e-01
7.699999999999999900e-02 3.334496817597508156e-01
7.799999999999999989e-02 3.352919481522556588e-01
7.900000000000000078e-02 3.371191235236838946e-01
8.000000000000000167e-02 3.389315042743884510e-01
8.100000000000000255e-02 3.407293774533545205e-01
8.200000000000000344e-02 3.425130211635342703e-01
8.300000000000000433e-02 3.442827049449072030e-01
8.400000000000000522e-02 3.460386901367827894e-01
8.500000000000000611e-02 3.477812302206516604e-01
8.600000000000000699e-02 3.495105711448843189e-01
8.700000000000000788e-02 3.512269516324312280e-01
8.799999999999999489e-02 3.529306034725689933e-01
8.899999999999999578e-02 3.546217517977443001e-01
8.999999999999999667e-02 3.563006153463665893e-01
9.099999999999999756e-02 3.579674067124796188e-01
9.199999999999999845e-02 3.596223325830474882e-01
9.299999999999999933e-02 3.612655939636307822e-01
9.400000000000000022e-02 3.628973863931235222e-01
9.500000000000000111e-02 3.645179001481967940e-01
9.600000000000000200e-02 3.661273204380379176e-01
9.700000000000000289e-02 3.677258275899530915e-01
9.800000000000000377e-02 3.693135972263463795e-01
9.900000000000000466e-02 3.708908004335382258e-01
1.000000000000000056e-01 3.724576039229385849e-01
1.010000000000000064e-01 3.740141701849052924e-01
1.020000000000000073e-01 3.755606576357642390e-01
1.030000000000000082e-01 3.770972207583206393e-01
1.040000000000000091e-01 3.786240102362273818e-01
1.049999999999999961e-01 3.801411730825109414e-01
1.059999999999999970e-01 3.816488527625870875e-01
1.069999999999999979e-01 3.831471893120552696e-01
1.079999999999999988e-01 3.846363194494882842e-01
1.089999999999999997e-01 3.861163766845622236e-01
1.100000000000000006e-01 3.875874914216746459e-01
1.110000000000000014e-01 3.890497910593239128e-01
1.120000000000000023e-01 3.905034000854502030e-01
1.130000000000000032e-01 3.919484401689457553e-01
1.140000000000000041e-01 3.933850302474846683e-01
1.150000000000000050e-01 3.948132866119098972e-01
1.160000000000000059e-01 3.962333229872743168e-01
1.170000000000000068e-01 3.976452506107653884e-01
1.180000000000000077e-01 3.990491783065956422e-01
1.190000000000000085e-01 4.004452125580337252e-01
1.199999999999999956e-01 4.018334575767172345e-01
1.209999999999999964e-01 4.032140153693439255e-01
1.219999999999999973e-01 4.045869858018856235e-01
1.229999999999999982e-01 4.059524666614163779e-01
1.239999999999999991e-01 4.073105537156735956e-01
1.250000000000000000e-01 4.086613407704543510e-01
1.260000000000000009e-01 4.100049197249430732e-01
1.270000000000000018e-01 4.113413806250411087e-01
1.280000000000000027e-01 4.126708117148187860e-01
1.290000000000000036e-01 4.139932994861258431e-01
1.300000000000000044e-01 4.153089287265052110e-01
1.310000000000000053e-01 4.166177825654036049e-01
1.320000000000000062e-01 4.179199425188053763e-01
1.330000000000000071e-01 4.192154885323442493e-01
1.340000000000000080e-01 4.205044990229394597e-01
1.350000000000000089e-01 4.217870509190375650e-01
1.360000000000000098e-01 4.230632196995028904e-01
1.370000000000000107e-01 4.243330794312076826e-01
1.380000000000000115e-01 4.255967028054172818e-01
1.390000000000000124e-01 4.268541611729244067e-01
1.400000000000000133e-01 4.281055245781031360e-01
1.410000000000000142e-01 4.293508617918231907e-01
1.420000000000000151e-01 4.305902403433249370e-01
1.430000000000000160e-01 4.318237265510839196e-01
1.440000000000000169e-01 4.330513855526836320e-01
1.449999999999999900e-01 4.342732813337651931e-01
1.459999999999999909e-01 4.354894767560718583e-01
1.469999999999999918e-01 4.367000335846233927e-01
1.479999999999999927e-01 4.379050125140535599e-01
1.489999999999999936e-01 4.391044731941419754e-01
1.499999999999999944e-01 4.402984742545844044e-01
1.509999999999999953e-01 4.414870733289960603e-01
1.519999999999999962e-01 4.426703270782078037e-01
1.529999999999999971e-01 4.438482912128712266e-01
1.539999999999999980e-01 4.450210205153994902e-01
1.549999999999999989e-01 4.461885688612367562e-01
1.559999999999999998e-01 4.473509892395490239e-01
1.570000000000000007e-01 4.485083337732824749e-01
1.580000000000000016e-01 4.496606537386570457e-01
1.590000000000000024e-01 4.508079995840981735e-01
1.600000000000000033e-01 4.519504209486399637e-01
1.610000000000000042e-01 4.530879666797894001e-01
1.620000000000000051e-01 4.542206848509052208e-01
1.630000000000000060e-01 4.553486227780879636e-01
1.640000000000000069e-01 4.564718270365952235e-01
1.650000000000000078e-01 4.575903434768112676e-01
1.660000000000000087e-01 4.587042172397676754e-01
1.670000000000000095e-01 4.598134927722618559e-01
1.680000000000000104e-01 4.609182138415429120e-01
1.690000000000000113e-01 4.620184235496162528e-01
1.700000000000000122e-01 4.631141643471562985e-01
1.710000000000000131e-01 4.642054780470647457e-01
1.720000000000000140e-01 4.652924058376476935e-01
1.730000000000000149e-01 4.663749882954607018e-01
1.740000000000000158e-01 4.674532653978144547e-01
1.750000000000000167e-01 4.685272765349598467e-01
1.759999999999999898e-01 4.695970605219461080e-01
1.769999999999999907e-01 4.706626556101835002e-01
1.779999999999999916e-01 4.717240994987315084e-01
1.789999999999999925e-01 4.727814293451946814e-01
1.799999999999999933e-01 4.738346817765409780e-01
1.809999999999999942e-01 4.748838928994538744e-01
1.819999999999999951e-01 4.759290983105243233e-01
1.829999999999999960e-01 4.769703331061728724e-01
1.839999999999999969e-01 4.780076318923086598e-01
1.849999999999999978e-01 4.790410287937781342e-01
1.859999999999999987e-01 4.800705574635608097e-01
1.869999999999999996e-01 4.810962510917485835e-01
1.880000000000000004e-01 4.821181424143113903e-01
1.890000000000000013e-01 4.831362637216405354e-01
1.900000000000000022e-01 4.841506468669051766e-01
1.910000000000000031e-01 4.851613232741885384e-01
1.920000000000000040e-01 4.861683239464523743e-01
1.930000000000000049e-01 4.871716794732897649e-01
1.940000000000000058e-01 4.881714200385222080e-01
1.950000000000000067e-01 4.891675754275990884e-01
1.960000000000000075e-01 4.901601750348339448e-01
1.970000000000000084e-01 4.911492478704738152e-01
1.980000000000000093e-01 4.921348225676013266e-01
1.990000000000000102e-01 4.931169273888819649e-01
2.000000000000000111e-01 4.940955902331589655e-01
2.010000000000000120e-01 4.950708386419012674e-01
2.020000000000000129e-01 4.960426998054933700e-01
2.030000000000000138e-01 4.970112005693998469e-01
2.040000000000000147e-01 4.979763674401836426e-01
2.050000000000000155e-01 4.989382265913898107e-01
2.060000000000000164e-01 4.998968038693061833e-01
2.070000000000000173e-01 5.008521247985889824e-01
2.080000000000000182e-01 5.018042145877761318e-01
2.089999999999999913e-01 5.027530981346595151e-01
2.099999999999999922e-01 5.036988000315708591e-01
2.109999999999999931e-01 5.046413445705318912e-01
2.119999999999999940e-01 5.055807557482892012e-01
2.129999999999999949e-01 5.065170572712683894e-01
2.139999999999999958e-01 5.074502725603926567e-01
2.149999999999999967e-01 5.083804247558243450e-01
2.159999999999999976e-01 5.093075367215816884e-01
2.169999999999999984e-01 5.102316310500811802e-01
2.179999999999999993e-01 5.111527300665754669e-01
2.190000000000000002e-01 5.120708558334964300e-01
2.200000000000000011e-01 5.129860301547078949e-01
2.210000000000000020e-01 5.138982745796799589e-01
2.220000000000000029e-01 5.148076104075745008e-01
2.230000000000000038e-01 5.157140586912299929e-01
2.240000000000000047e-01 5.166176402410940227e-01
2.250000000000000056e-01 5.175183756290575587e-01
2.260000000000000064e-01 5.184162851922128334e-01
2.270000000000000073e-01 5.193113890365446128e-01
2.280000000000000082e-01 5.202037070405360897e-01
2.290000000000000091e-01 5.210932588587141590e-01
2.300000000000000100e-01 5.219800639251170882e-01
2.310000000000000109e-01 5.228641414566966850e-01
2.320000000000000118e-01 5.237455104566596242e-01
2.330000000000000127e-01 5.246241897177214009e-01
2.340000000000000135e-01 5.255001978253305284e-01
2.350000000000000144e-01 5.263735531607980356e-01
2.360000000000000153e-01 5.272442739043924353e-01
2.370000000000000162e-01 5.281123780383530919e-01
2.380000000000000171e-01 5.289778833498653965e-01
2.390000000000000180e-01 5.298408074339624463e-01
2.399999999999999911e-01 5.307011676963855340e-01
2.409999999999999920e-01 5.315589813563814658e-01
2.419999999999999929e-01 5.324142654494481430e-01
2.429999999999999938e-01 5.332670368300386210e-01
2.439999999999999947e-01 5.341173121741956686e-01
2.449999999999999956e-01 5.349651079821566846e-01
2.459999999999999964e-01 5.358104405808992166e-01
2.469999999999999973e-01 5.366533261266420718e-01
2.479999999999999982e-01 5.374937806073015745e-01
2.489999999999999991e-01 5.383318198449000835e-01
2.500000000000000000e-01 5.391674594979364299e-01
2.510000000000000009e-01 5.400007150637059494e-01
2.520000000000000018e-01 5.408316018805812142e-01
2.530000000000000027e-01 5.416601351302615663e-01
2.540000000000000036e-01 5.424863298399564826e-01
2.550000000000000044e-01 5.433102008845642761e-01
2.560000000000000053e-01 5.441317629887809648e-01
2.570000000000000062e-01 5.449510307291959288e-01
2.580000000000000071e-01 5.457680185363315006e-01
2.590000000000000080e-01 5.465827406966590196e-01
2.600000000000000089e-01 5.473952113545754727e-01
2.610000000000000098e-01 5.482054445143416110e-01
2.620000000000000107e-01 5.490134540419967513e-01
2.630000000000000115e-01 5.498192536672290576e-01
2.640000000000000124e-01 5.506228569852226196e-01
2.650000000000000133e-01 5.514242774584625639e-01
2.660000000000000142e-01 5.522235284185214033e-01
2.670000000000000151e-01 5.530206230678019752e-01
2.680000000000000160e-01 5.538155744812724990e-01
2.690000000000000169e-01 5.546083956081339084e-01
2.700000000000000178e-01 5.553990992735000631e-01
2.710000000000000187e-01 5.561876981800278896e-01
2.720000000000000195e-01 5.569742049095243175e-01
2.730000000000000204e-01 5.577586319245223523e-01
2.740000000000000213e-01 5.585409915698374972e-01
2.750000000000000222e-01 5.593212960740984174e-01
2.760000000000000231e-01 5.600995575512477398e-01
2.770000000000000240e-01 5.608757880020182052e-01
2.780000000000000249e-01 5.616499993153872827e-01
2.790000000000000258e-01 5.624222032700113560e-01
2.800000000000000266e-01 5.631924115356261584e-01
2.810000000000000275e-01 5.639606356744365501e-01
2.820000000000000284e-01 5.647268871424716563e-01
2.830000000000000293e-01 5.654911772909306800e-01
2.840000000000000302e-01 5.662535173675001809e-01
2.850000000000000311e-01 5.670139185176428231e-01
2.860000000000000320e-01 5.677723917858863434e-01
2.870000000000000329e-01 5.685289481170721082e-01
2.880000000000000338e-01 5.692835983575909031e-01
2.889999999999999791e-01 5.700363532566025127e-01
2.899999999999999800e-01 5.707872234672330958e-01
2.909999999999999809e-01 5.715362195477478036e-01
2.919999999999999818e-01 5.722833519627243959e-01
2.929999999999999827e-01 5.730286310841798958e-01
2.939999999999999836e-01 5.737720671927062366e-01
2.949999999999999845e-01 5.745136704785707149e-01
2.959999999999999853e-01 5.752534510428147785e-01
2.969999999999999862e-01 5.759914188983152883e-01
2.979999999999999871e-01 5.767275839708502216e-01
2.989999999999999880e-01 5.774619561001360646e-01
2.999999999999999889e-01 5.781945450408577658e-01
3.009999999999999898e-01 5.789253604636694917e-01
3.019999999999999907e-01 5.796544119561931607e-01
3.029999999999999916e-01 5.803817090240023235e-01
3.039999999999999925e-01 5.811072610915789527e-01
3.049999999999999933e-01 5.818310775032647930e-01
3.059999999999999942e-01 5.825531675242058283e-01
3.069999999999999951e-01 5.832735403412629971e-01
3.079999999999999960e-01 5.839922050639255735e-01
3.089999999999999969e-01 5.847091707252090043e-01
3.099999999999999978e-01 5.854244462825266559e-01
3.109999999999999987e-01 5.861380406185735525e-01
3.119999999999999996e-01 5.868499625421698118e-01
3.130000000000000004e-01 5.875602207891128526e-01
3.140000000000000013e-01 5.882688240229990706e-01
3.150000000000000022e-01 5.889757808360508440e-01
3.160000000000000031e-01 5.896810997499284390e-01
3.170000000000000040e-01 5.903847892165100530e-01
3.180000000000000049e-01 5.910868576186929513e-01
3.190000000000000058e-01 5.917873132711553019e-01
3.200000000000000067e-01 5.924861644211243394e-01
3.210000000000000075e-01 5.931834192491283186e-01
3.220000000000000084e-01 5.938790858697307051e-01
3.230000000000000093e-01 5.945731723322653650e-01
3.240000000000000102e-01 5.952656866215575437e-01
3.250000000000000111e-01 5.959566366586326325e-01
3.260000000000000120e-01 5.966460303014136102e-01
3.270000000000000129e-01 5.973338753454165984e-01
3.280000000000000138e-01 5.980201795244196594e-01
3.290000000000000147e-01 5.987049505111510239e-01
3.300000000000000155e-01 5.993881959179364616e-01
3.310000000000000164e-01 6.000699232973589758e-01
3.320000000000000173e-01 6.007501401429022891e-01
3.330000000000000182e-01 6.014288538895831149e-01
3.340000000000000191e-01 6.021060719145783224e-01
3.350000000000000200e-01 6.027818015378431094e-01
3.360000000000000209e-01 6.034560500227192925e-01
3.370000000000000218e-01 6.041288245765414899e-01
3.380000000000000226e-01 6.048001323512179894e-01
3.390000000000000235e-01 6.054699804438323785e-01
3.400000000000000244e-01 6.061383758972037628e-01
3.410000000000000253e-01 6.068053257004649703e-01
3.420000000000000262e-01 6.074708367896308747e-01
3.430000000000000271e-01 6.081349160481352989e-01
3.440000000000000280e-01 6.087975703073921219e-01
3.450000000000000289e-01 6.094588063473305173e-01
3.460000000000000298e-01 6.101186308969274164e-01
3.470000000000000306e-01 6.107770506347327544e-01
3.480000000000000315e-01 6.114340721893871677e-01
3.490000000000000324e-01 6.120897021401362492e-01
3.500000000000000333e-01 6.127439470173353664e-01
3.510000000000000342e-01 6.133968133029443770e-01
3.519999999999999796e-01 6.140483074310247869e-01
3.529999999999999805e-01 6.146984357882264716e-01
3.539999999999999813e-01 6.153472047142597434e-01
3.549999999999999822e-01 6.159946205023710819e-01
3.559999999999999831e-01 6.166406893998208627e-01
3.569999999999999840e-01 6.172854176083284461e-01
3.579999999999999849e-01 6.179288112845394698e-01
3.589999999999999858e-01 6.185708765404688281e-01
3.599999999999999867e-01 6.192116194439485355e-01
3.609999999999999876e-01 6.198510460190642668e-01
3.619999999999999885e-01 6.204891622465869006e-01
3.629999999999999893e-01 6.211259740644033966e-01
3.639999999999999902e-01 6.217614873679374599e-01
3.649999999999999911e-01 6.223957080105607664e-01
3.659999999999999920e-01 6.230286418040105190e-01
3.669999999999999929e-01 6.236602945187965652e-01
3.679999999999999938e-01 6.242906718845978586e-01
3.689999999999999947e-01 6.249197795906639152e-01
3.699999999999999956e-01 6.255476232862011710e-01
3.709999999999999964e-01 6.261742085807624481e-01
3.719999999999999973e-01 6.267995410446278726e-01
3.729999999999999982e-01 6.274236262091830163e-01
3.739999999999999991e-01 6.280464695672897113e-01
3.750000000000000000e-01 6.286680765736578635e-01
3.760000000000000009e-01 6.292884526452040550e-01
3.770000000000000018e-01 6.299076031614150306e-01
3.780000000000000027e-01 6.305255334646946430e-01
3.790000000000000036e-01 6.311422488607317804e-01
3.800000000000000044e-01 6.317577546188221094e-01
3.810000000000000053e-01 6.323720559722321166e-01
3.820000000000000062e-01 6.329851581185274023e-01
3.830000000000000071e-01 6.335970662199021941e-01
3.840000000000000080e-01 6.342077854035181872e-01
3.850000000000000089e-01 6.348173207618310609e-01
3.860000000000000098e-01 6.354256773529027846e-01
3.870000000000000107e-01 6.360328602007279120e-01
3.880000000000000115e-01 6.366388742955493285e-01
3.890000000000000124e-01 6.372437245941658945e-01
3.900000000000000133e-01 6.378474160202365351e-01
3.910000000000000142e-01 6.384499534645926566e-01
3.920000000000000151e-01 6.390513417855318012e-01
3.930000000000000160e-01 6.396515858091195161e-01
3.940000000000000169e-01 6.402506903294711282e-01
3.950000000000000178e-01 6.408486601090602752e-01
3.960000000000000187e-01 6.414454998789878015e-01
3.970000000000000195e-01 6.420412143392760784e-01
3.980000000000000204e-01 6.426358081591431182e-01
3.990000000000000213e-01 6.432292859772844595e-01
4.000000000000000222e-01 6.438216524021417309e-01
4.010000000000000231e-01 6.444129120121711018e-01
4.020000000000000240e-01 6.450030693561271677e-01
4.030000000000000249e-01 6.455921289533032015e-01
4.040000000000000258e-01 6.461800952938102638e-01
4.050000000000000266e-01 6.467669728388282246e-01
4.060000000000000275e-01 6.473527660208620027e-01
4.070000000000000284e-01 6.479374792439994701e-01
4.080000000000000293e-01 6.485211168841520379e-01
4.090000000000000302e-01 6.491036832893103403e-01
4.100000000000000311e-01 6.496851827797814893e-01
4.110000000000000320e-01 6.502656196484384310e-01
4.120000000000000329e-01 6.508449981609499835e-01
4.130000000000000338e-01 6.514233225560233098e-01
4.140000000000000346e-01 6.520005970456408395e-01
4.150000000000000355e-01 6.525768258152779833e-01
4.160000000000000364e-01 6.531520130241459388e-01
4.169999999999999818e-01 6.537261628054068519e-01
4.179999999999999827e-01 6.542992792664075186e-01
4.189999999999999836e-01 6.548713664888935471e-01
4.199999999999999845e-01 6.554424285292248520e-01
4.209999999999999853e-01 6.560124694186083572e-01
4.219999999999999862e-01 6.565814931632867335e-01
4.229999999999999871e-01 6.571495037447736554e-01
4.239999999999999880e-01 6.577165051200516421e-01
4.249999999999999889e-01 6.582825012217748961e-01
4.259999999999999898e-01 6.588474959584595947e-01
4.269999999999999907e-01 6.594114932147890906e-01
4.279999999999999916e-01 6.599744968516461086e-01
4.289999999999999925e-01 6.605365107064308239e-01
4.299999999999999933e-01 6.610975385932172932e-01
4.309999999999999942e-01 6.616575843029609549e-01
4.319999999999999951e-01 6.622166516036788186e-01
4.329999999999999960e-01 6.627747442406475287e-01
4.339999999999999969e-01 6.633318659365877723e-01
4.349999999999999978e-01 6.638880203918507972e-01
4.359999999999999987e-01 6.644432112846090366e-01
4.369999999999999996e-01 6.649974422710239752e-01
4.380000000000000004e-01 6.655507169854424365e-01
4.390000000000000013e-01 6.661030390405616730e-01
4.400000000000000022e-01 6.666544120276192142e-01
4.410000000000000031e-01 6.672048395165510737e-01
4.420000000000000040e-01 6.677543250561830401e-01
4.430000000000000049e-01 6.683028721743901057e-01
4.440000000000000058e-01 6.688504843782656639e-01
4.450000000000000067e-01 6.693971651542968138e-01
4.460000000000000075e-01 6.699429179685232327e-01
4.470000000000000084e-01 6.704877462667041543e-01
4.480000000000000093e-01 6.710316534744830141e-01
4.490000000000000102e-01 6.715746429975414378e-01
4.500000000000000111e-01 6.721167182217675506e-01
4.510000000000000120e-01 6.726578825134085227e-01
4.520000000000000129e-01 6.731981392192271096e-01
4.530000000000000138e-01 6.737374916666553082e-01
4.540000000000000147e-01 6.742759431639506751e-01
4.550000000000000155e-01 6.748134970003442090e-01
4.560000000000000164e-01 6.753501564461902307e-01
4.570000000000000173e-01 6.758859247531189274e-01
4.580000000000000182e-01 6.764208051541800160e-01
4.590000000000000191e-01 6.769548008639871828e-01
4.600000000000000200e-01 6.774879150788621907e-01
4.610000000000000209e-01 6.780201509769833157e-01
4.620000000000000218e-01 6.785515117185184630e-01
4.630000000000000226e-01 6.790820004457666093e-01
4.640000000000000235e-01 6.796116202833039077e-01
4.650000000000000244e-01 6.801403743381082556e-01
4.660000000000000253e-01 6.806682656997057324e-01
4.670000000000000262e-01 6.811952974402983862e-01
4.680000000000000271e-01 6.817214726149012360e-01
4.690000000000000280e-01 6.822467942614689473e-01
4.700000000000000289e-01 6.827712654010327231e-01
4.710000000000000298e-01 6.832948890378274243e-01
4.720000000000000306e-01 6.838176681594118067e-01
4.730000000000000315e-01 6.843396057368092977e-01
4.740000000000000324e-01 6.848607047246201285e-01
4.750000000000000333e-01 6.853809680611551158e-01
4.760000000000000342e-01 6.859003986685539012e-01
4.770000000000000351e-01 6.864189994529058536e-01
4.780000000000000360e-01 6.869367733043754143e-01
4.790000000000000369e-01 6.874537230973164492e-01
4.799999999999999822e-01 6.879698516903958172e-01
4.809999999999999831e-01 6.884851619267067235e-01
4.819999999999999840e-01 6.889996566338839612e-01
4.829999999999999849e-01 6.895133386242237039e-01
4.839999999999999858e-01 6.900262106947966378e-01
4.849999999999999867e-01 6.905382756275533218e-01
4.859999999999999876e-01 6.910495361894479771e-01
4.869999999999999885e-01 6.915599951325389627e-01
4.879999999999999893e-01 6.920696551941056818e-01
4.889999999999999902e-01 6.925785190967507221e-01
4.899999999999999911e-01 6.930865895485137651e-01
4.909999999999999920e-01 6.935938692429747254e-01
4.919999999999999929e-01 6.941003608593625529e-01
4.929999999999999938e-01 6.946060670626515998e-01
4.939999999999999947e-01 6.951109905036774173e-01
4.949999999999999956e-01 6.956151338192322342e-01
4.959999999999999964e-01 6.961184996321670981e-01
4.969999999999999973e-01 6.966210905514959029e-01
4.979999999999999982e-01 6.971229091724880922e-01
4.989999999999999991e-01 6.976239580767802373e-01
5.000000000000000000e-01 6.981242398324606357e-01
5.010000000000000009e-01 6.986237569941746717e-01
5.020000000000000018e-01 6.991225121032214052e-01
5.030000000000000027e-01 6.996205076876454987e-01
5.040000000000000036e-01 7.001177462623305869e-01
5.050000000000000044e-01 7.006142303291013063e-01
5.060000000000000053e-01 7.011099623768022315e-01
5.070000000000000062e-01 7.016049448814103418e-01
5.080000000000000071e-01 7.020991803060991909e-01
5.090000000000000080e-01 7.025926711013574799e-01
5.100000000000000089e-01 7.030854197050593335e-01
5.110000000000000098e-01 7.035774285425572261e-01
5.120000000000000107e-01 7.040687000267784601e-01
5.130000000000000115e-01 7.045592365582993288e-01
5.140000000000000124e-01 7.050490405254421500e-01
5.150000000000000133e-01 7.055381143043559788e-01
5.160000000000000142e-01 7.060264602591027616e-01
5.170000000000000151e-01 7.065140807417373825e-01
5.180000000000000160e-01 7.070009780924025877e-01
5.190000000000000169e-01 7.074871546393964872e-01
5.200000000000000178e-01 7.079726126992659241e-01
5.210000000000000187e-01 7.084573545768827474e-01
5.220000000000000195e-01 7.089413825655244139e-01
5.230000000000000204e-01 7.094246989469543685e-01
5.240000000000000213e-01 7.099073059915053108e-01
5.250000000000000222e-01 7.103892059581478069e-01
5.260000000000000231e-01 7.108704010945814389e-01
5.270000000000000240e-01 7.113508936372943126e-01
5.280000000000000249e-01 7.118306858116596469e-01
5.290000000000000258e-01 7.123097798319931728e-01
5.300000000000000266e-01 7.127881779016428387e-01
5.310000000000000275e-01 7.132658822130552023e-01
5.320000000000000284e-01 7.137428949478457074e-01
5.330000000000000293e-01 7.142192182768835051e-01
5.340000000000000302e-01 7.146948543603536264e-01
5.350000000000000311e-01 7.151698053478333650e-01
5.360000000000000320e-01 7.156440733783629993e-01
5.370000000000000329e-01 7.161176605805167350e-01
5.380000000000000338e-01 7.165905690724723165e-01
5.390000000000000346e-01 7.170628009620800825e-01
5.400000000000000355e-01 7.175343583469309117e-01
5.410000000000000364e-01 7.180052433144286095e-01
5.420000000000000373e-01 7.184754579418524134e-01
5.430000000000000382e-01 7.189450042964281584e-01
5.440000000000000391e-01 7.194138844353945572e-01
5.450000000000000400e-01 7.198821004060635964e-01
5.460000000000000409e-01 7.203496542458935892e-01
5.470000000000000417e-01 7.208165479825535682e-01
5.480000000000000426e-01 7.212827836339775756e-01
5.490000000000000435e-01 7.217483632084411571e-01
5.500000000000000444e-01 7.222132887046186500e-01
5.510000000000000453e-01 7.226775621116480197e-01
5.520000000000000462e-01 7.231411854091898128e-01
5.530000000000000471e-01 7.236041605674915500e-01
5.540000000000000480e-01 7.240664895474469009e-01
5.550000000000000488e-01 7.245281743006601882e-01
5.560000000000000497e-01 7.249892167695021206e-01
5.570000000000000506e-01 7.254496188871748519e-01
5.580000000000000515e-01 7.259093825777650499e-01
5.590000000000000524e-01 7.263685097563051807e-01
5.600000000000000533e-01 7.268270023288357917e-01
5.610000000000000542e-01 7.272848621924575818e-01
5.620000000000000551e-01 7.277420912353868010e-01
5.630000000000000560e-01 7.281986913370250836e-01
5.640000000000000568e-01 7.286546643680015256e-01
5.650000000000000577e-01 7.291100121902309716e-01
5.660000000000000586e-01 7.295647366569777414e-01
5.670000000000000595e-01 7.300188396129043689e-01
5.680000000000000604e-01 7.304723228941268909e-01
5.690000000000000613e-01 7.309251883282695816e-01
5.700000000000000622e-01 7.313774377345172439e-01
5.710000000000000631e-01 7.318290729236699432e-01
5.720000000000000639e-01 7.322800956981971865e-01
5.730000000000000648e-01 7.327305078522885484e-01
5.740000000000000657e-01 7.331803111719029653e-01
5.750000000000000666e-01 7.336295074348266887e-01
5.760000000000000675e-01 7.340780984107225793e-01
5.769999999999999574e-01 7.345260858611714072e-01
5.779999999999999583e-01 7.349734715397383544e-01
5.789999999999999591e-01 7.354202571920124276e-01
5.799999999999999600e-01 7.358664445556561962e-01
5.809999999999999609e-01 7.363120353604617474e-01
5.819999999999999618e-01 7.367570313283875461e-01
5.829999999999999627e-01 7.372014341736237153e-01
5.839999999999999636e-01 7.376452456026211246e-01
5.849999999999999645e-01 7.380884673141580032e-01
5.859999999999999654e-01 7.385311009993683617e-01
5.869999999999999662e-01 7.389731483418040536e-01
5.879999999999999671e-01 7.394146110174750763e-01
5.889999999999999680e-01 7.398554906948957566e-01
5.899999999999999689e-01 7.402957890351271608e-01
5.909999999999999698e-01 7.407355076918346048e-01
5.919999999999999707e-01 7.411746483113179629e-01
5.929999999999999716e-01 7.416132125325662905e-01
5.939999999999999725e-01 7.420512019872946841e-01
5.949999999999999734e-01 7.424886182999984596e-01
5.959999999999999742e-01 7.429254630879882360e-01
5.969999999999999751e-01 7.433617379614374521e-01
5.979999999999999760e-01 7.437974445234223353e-01
5.989999999999999769e-01 7.442325843699668653e-01
5.999999999999999778e-01 7.446671590900870719e-01
6.009999999999999787e-01 7.451011702658296709e-01
6.019999999999999796e-01 7.455346194723129205e-01
6.029999999999999805e-01 7.459675082777746935e-01
6.039999999999999813e-01 7.463998382436054513e-01
6.049999999999999822e-01 7.468316109243950951e-01
6.059999999999999831e-01 7.472628278679682712e-01
6.069999999999999840e-01 7.476934906154311111e-01
6.079999999999999849e-01 7.481236007012043165e-01
6.089999999999999858e-01 7.485531596530681231e-01
6.099999999999999867e-01 7.489821689921983827e-01
6.109999999999999876e-01 7.494106302332053104e-01
6.119999999999999885e-01 7.498385448841776713e-01
6.129999999999999893e-01 7.502659144467125341e-01
6.139999999999999902e-01 7.506927404159601247e-01
6.149999999999999911e-01 7.511190242806596862e-01
6.159999999999999920e-01 7.515447675231733404e-01
6.169999999999999929e-01 7.519699716195341610e-01
6.179999999999999938e-01 7.523946380394669342e-01
6.189999999999999947e-01 7.528187682464412278e-01
6.199999999999999956e-01 7.532423636976975923e-01
6.209999999999999964e-01 7.536654258442834209e-01
6.219999999999999973e-01 7.540879561310998014e-01
6.229999999999999982e-01 7.545099559969212777e-01
6.239999999999999991e-01 7.549314268744451439e-01
6.250000000000000000e-01 7.553523701903194221e-01
6.260000000000000009e-01 7.557727873651777228e-01
6.270000000000000018e-01 7.561926798136759942e-01
6.280000000000000027e-01 7.566120489445276043e-01
6.290000000000000036e-01 7.570308961605353160e-01
6.300000000000000044e-01 7.574492228586260367e-01
6.310000000000000053e-01 7.578670304298834592e-01
6.320000000000000062e-01 7.582843202595844767e-01
6.330000000000000071e-01 7.587010937272286037e-01
6.340000000000000080e-01 7.591173522065720602e-01
6.350000000000000089e-01 7.595330970656636316e-01
6.360000000000000098e-01 7.599483296668724241e-01
6.370000000000000107e-01 7.603630513669197288e-01
6.380000000000000115e-01 7.607772635169176567e-01
6.390000000000000124e-01 7.611909674623948963e-01
6.400000000000000133e-01 7.616041645433296869e-01
6.410000000000000142e-01 7.620168560941787961e-01
6.420000000000000151e-01 7.624290434439157105e-01
6.430000000000000160e-01 7.628407279160531740e-01
6.440000000000000169e-01 7.632519108286771603e-01
6.450000000000000178e-01 7.636625934944804017e-01
6.460000000000000187e-01 7.640727772207870361e-01
6.470000000000000195e-01 7.644824633095873567e-01
6.480000000000000204e-01 7.648916530575639028e-01
6.490000000000000213e-01 7.653003477561217682e-01
6.500000000000000222e-01 7.657085486914209094e-01
6.510000000000000231e-01 7.661162571444001257e-01
6.520000000000000240e-01 7.665234743908116988e-01
6.530000000000000249e-01 7.669302017012462613e-01
6.540000000000000258e-01 7.673364403411629953e-01
6.550000000000000266e-01 7.677421915709148337e-01
6.560000000000000275e-01 7.681474566457832109e-01
6.570000000000000284e-01 7.685522368159953821e-01
6.580000000000000293e-01 7.689565333267678326e-01
6.590000000000000302e-01 7.693603474183157154e-01
6.600000000000000311e-01 7.697636803258925964e-01
6.610000000000000320e-01 7.701665332798163233e-01
6.620000000000000329e-01 7.705689075055287551e-01
6.630000000000000338e-01 7.709708042234753034e-01
6.640000000000000346e-01 7.713722246493537327e-01
6.650000000000000355e-01 7.717731699939966994e-01
6.660000000000000364e-01 7.721736414634309265e-01
6.670000000000000373e-01 7.725736402589044038e-01
6.680000000000000382e-01 7.729731675769093702e-01
6.690000000000000391e-01 7.733722246092133989e-01
6.700000000000000400e-01 7.737708125428820471e-01
6.710000000000000409e-01 7.741689325603040572e-01
6.720000000000000417e-01 7.745665858392141168e-01
6.730000000000000426e-01 7.749637735527246107e-01
6.740000000000000435e-01 7.753604968693430521e-01
6.750000000000000444e-01 7.757567569530011697e-01
6.760000000000000453e-01 7.761525549630783338e-01
6.770000000000000462e-01 7.765478920544259811e-01
6.780000000000000471e-01 7.769427693773909294e-01
6.790000000000000480e-01 7.773371880778400245e-01
6.800000000000000488e-01 7.777311492971833440e-01
6.810000000000000497e-01 7.781246541724025079e-01
6.820000000000000506e-01 7.785177038360620028e-01
6.830000000000000515e-01 7.789102994163465965e-01
6.840000000000000524e-01 7.793024420370785466e-01
6.850000000000000533e-01 7.796941328177398045e-01
6.860000000000000542e-01 7.800853728734929993e-01
6.870000000000000551e-01 7.804761633152093037e-01
6.880000000000000560e-01 7.808665052494905279e-01
6.890000000000000568e-01 7.812563997786854397e-01
6.900000000000000577e-01 7.816458480009192966e-01
6.910000000000000586e-01 7.820348510101116091e-01
6.920000000000000595e-01 7.824234098959989003e-01
6.930000000000000604e-01 7.828115257441574659e-01
6.940000000000000613e-01 7.831991996360277986e-01
6.950000000000000622e-01 7.835864326489264675e-01
6.960000000000000631e-01 7.839732258560805356e-01
6.970000000000000639e-01 7.843595803266359967e-01
6.980000000000000648e-01 7.847454971256914158e-01
6.990000000000000657e-01 7.851309773143094750e-01
7.000000000000000666e-01 7.855160219495417318e-01
7.010000000000000675e-01 7.859006320844467153e-01
7.020000000000000684e-01 7.862848087681155729e-01
7.030000000000000693e-01 7.866685530456862807e-01
7.039999999999999591e-01 7.870518659583701782e-01
7.049999999999999600e-01 7.874347485434670668e-01
7.059999999999999609e-01 7.878172018343860827e-01
7.069999999999999618e-01 7.881992268606693441e-01
7.079999999999999627e-01 7.885808246480092709e-01
7.089999999999999636e-01 7.889619962182641277e-01
7.099999999999999645e-01 7.893427425894841143e-01
7.109999999999999654e-01 7.897230647759296840e-01
7.119999999999999662e-01 7.901029637880853107e-01
7.129999999999999671e-01 7.904824406326856900e-01
7.139999999999999680e-01 7.908614963127331698e-01
7.149999999999999689e-01 7.912401318275098516e-01
7.159999999999999698e-01 7.916183481726037918e-01
7.169999999999999707e-01 7.919961463399282087e-01
7.179999999999999716e-01 7.923735273177353600e-01
7.189999999999999725e-01 7.927504920906353059e-01
7.199999999999999734e-01 7.931270416396183354e-01
7.209999999999999742e-01 7.935031769420709535e-01
7.219999999999999751e-01 7.938788989717909805e-01
7.229999999999999760e-01 7.942542086990108663e-01
7.239999999999999769e-01 7.946291070904090148e-01
7.249999999999999778e-01 7.950035951091384279e-01
7.259999999999999787e-01 7.953776737148301468e-01
7.269999999999999796e-01 7.957513438636207859e-01
7.279999999999999805e-01 7.961246065081674095e-01
7.289999999999999813e-01 7.964974625976628531e-01
7.299999999999999822e-01 7.968699130778579276e-01
7.309999999999999831e-01 7.972419588910706345e-01
7.319999999999999840e-01 7.976136009762090362e-01
7.329999999999999849e-01 7.979848402687886866e-01
7.339999999999999858e-01 7.983556777009443994e-01
7.349999999999999867e-01 7.987261142014515647e-01
7.359999999999999876e-01 7.990961506957403593e-01
7.369999999999999885e-01 7.994657881059111793e-01
7.379999999999999893e-01 7.998350273507569552e-01
7.389999999999999902e-01 8.002038693457688145e-01
7.399999999999999911e-01 8.005723150031643920e-01
7.409999999999999920e-01 8.009403652318929367e-01
7.419999999999999929e-01 8.013080209376592933e-01
7.429999999999999938e-01 8.016752830229361138e-01
7.439999999999999947e-01 8.020421523869784020e-01
7.449999999999999956e-01 8.024086299258403887e-01
7.459999999999999964e-01 8.027747165323941836e-01
7.469999999999999973e-01 8.031404130963414323e-01
7.479999999999999982e-01 8.035057205042305251e-01
7.489999999999999991e-01 8.038706396394676990e-01
7.500000000000000000e-01 8.042351713823382431e-01
7.510000000000000009e-01 8.045993166100208205e-01
7.520000000000000018e-01 8.049630761965961279e-01
7.530000000000000027e-01 8.053264510130688780e-01
7.540000000000000036e-01 8.056894419273789021e-01
7.550000000000000044e-01 8.060520498044171367e-01
7.560000000000000053e-01 8.064142755060412782e-01
7.570000000000000062e-01 8.067761198910875509e-01
7.580000000000000071e-01 8.071375838153866944e-01
7.590000000000000080e-01 8.074986681317770643e-01
7.600000000000000089e-01 8.078593736901225064e-01
7.610000000000000098e-01 8.082197013373235706e-01
7.620000000000000107e-01 8.085796519173289454e-01
7.630000000000000115e-01 8.089392262711564419e-01
7.640000000000000124e-01 8.092984252369014309e-01
7.650000000000000133e-01 8.096572496497532745e-01
7.660000000000000142e-01 8.100157003420054291e-01
7.670000000000000151e-01 8.103737781430760956e-01
7.680000000000000160e-01 8.107314838795128820e-01
7.690000000000000169e-01 8.110888183750157854e-01
7.700000000000000178e-01 8.114457824504404115e-01
7.710000000000000187e-01 8.118023769238218446e-01
7.720000000000000195e-01 8.121586026103783107e-01
7.730000000000000204e-01 8.125144603225321616e-01
7.740000000000000213e-01 8.128699508699189780e-01
7.750000000000000222e-01 8.132250750594010036e-01
7.760000000000000231e-01 8.135798336950788023e-01
7.770000000000000240e-01 8.139342275783080227e-01
7.780000000000000249e-01 8.142882575077081686e-01
7.790000000000000258e-01 8.146419242791794746e-01
7.800000000000000266e-01 8.149952286859090123e-01
7.810000000000000275e-01 8.153481715183915624e-01
7.820000000000000284e-01 8.157007535644358320e-01
7.830000000000000293e-01 8.160529756091801090e-01
7.840000000000000302e-01 8.164048384351016985e-01
7.850000000000000311e-01 8.167563428220323551e-01
7.860000000000000320e-01 8.171074895471677202e-01
7.870000000000000329e-01 8.174582793850857509e-01
7.880000000000000338e-01 8.178087131077461658e-01
7.890000000000000346e-01 8.181587914845167564e-01
7.900000000000000355e-01 8.185085152821732768e-01
7.910000000000000364e-01 8.188578852649240902e-01
7.920000000000000373e-01 8.192069021944072826e-01
7.930000000000000382e-01 8.195555668297134222e-01
7.940000000000000391e-01 8.199038799273941081e-01
7.950000000000000400e-01 8.202518422414692978e-01
7.960000000000000409e-01 8.205994545234479576e-01
7.970000000000000417e-01 8.209467175223283952e-01
7.980000000000000426e-01 8.212936319846210198e-01
7.990000000000000435e-01 8.216401986543497848e-01
8.000000000000000444e-01 8.219864182730675095e-01
8.010000000000000453e-01 8.223322915798713106e-01
8.020000000000000462e-01 8.226778193114044901e-01
8.030000000000000471e-01 8.230230022018764080e-01
8.040000000000000480e-01 8.233678409830695877e-01
8.050000000000000488e-01 8.237123363843471546e-01
8.060000000000000497e-01 8.240564891326733754e-01
8.070000000000000506e-01 8.244002999526123254e-01
8.080000000000000515e-01 8.247437695663476509e-01
8.090000000000000524e-01 8.250868986936934490e-01
8.100000000000000533e-01 8.254296880520967106e-01
8.110000000000000542e-01 8.257721383566567486e-01
8.120000000000000551e-01 8.261142503201288623e-01
8.130000000000000560e-01 8.264560246529396581e-01
8.140000000000000568e-01 8.267974620631970417e-01
8.150000000000000577e-01 8.271385632566965462e-01
8.160000000000000586e-01 8.274793289369365423e-01
8.170000000000000595e-01 8.278197598051247885e-01
8.180000000000000604e-01 8.281598565601908657e-01
8.190000000000000613e-01 8.284996198987945037e-01
8.200000000000000622e-01 8.288390505153361287e-01
8.210000000000000631e-01 8.291781491019696304e-01
8.220000000000000639e-01 8.295169163486074693e-01
8.230000000000000648e-01 8.298553529429335551e-01
8.240000000000000657e-01 8.301934595704151265e-01
8.250000000000000666e-01 8.305312369143047491e-01
8.260000000000000675e-01 8.308686856556579681e-01
8.270000000000000684e-01 8.312058064733411911e-01
8.280000000000000693e-01 8.315426000440402365e-01
8.290000000000000702e-01 8.318790670422662181e-01
8.300000000000000711e-01 8.322152081403730861e-01
8.310000000000000719e-01 8.325510240085601810e-01
8.320000000000000728e-01 8.328865153148864442e-01
8.329999999999999627e-01 8.332216827252737490e-01
8.339999999999999636e-01 8.335565269035231095e-01
8.349999999999999645e-01 8.338910485113204540e-01
8.359999999999999654e-01 8.342252482082567200e-01
8.369999999999999662e-01 8.345591266517897733e-01
8.379999999999999671e-01 8.348926844973272310e-01
8.389999999999999680e-01 8.352259223981873815e-01
8.399999999999999689e-01 8.355588410056171700e-01
8.409999999999999698e-01 8.358914409688048552e-01
8.419999999999999707e-01 8.362237229348843393e-01
8.429999999999999716e-01 8.365556875489491562e-01
8.439999999999999725e-01 8.368873354540583565e-01
8.449999999999999734e-01 8.372186672912460548e-01
8.459999999999999742e-01 8.375496836995276473e-01
8.469999999999999751e-01 8.378803853159145776e-01
8.479999999999999760e-01 8.382107727754150028e-01
8.489999999999999769e-01 8.385408467110492259e-01
8.499999999999999778e-01 8.388706077538529149e-01
8.509999999999999787e-01 8.392000565328903150e-01
8.519999999999999796e-01 8.395291936752581341e-01
8.529999999999999805e-01 8.398580198060984214e-01
8.539999999999999813e-01 8.401865355486023423e-01
8.549999999999999822e-01 8.405147415240226128e-01
8.559999999999999831e-01 8.408426383516784952e-01
8.569999999999999840e-01 8.411702266489647917e-01
8.579999999999999849e-01 8.414975070313613914e-01
8.589999999999999858e-01 8.418244801124409316e-01
8.599999999999999867e-01 8.421511465038756805e-01
8.609999999999999876e-01 8.424775068154455315e-01
8.619999999999999885e-01 8.428035616550487719e-01
8.629999999999999893e-01 8.431293116287056355e-01
8.639999999999999902e-01 8.434547573405707377e-01
8.649999999999999911e-01 8.437798993929366276e-01
8.659999999999999920e-01 8.441047383862457787e-01
8.669999999999999929e-01 8.444292749190923653e-01
8.679999999999999938e-01 8.447535095882394707e-01
8.689999999999999947e-01 8.450774429886158678e-01
8.699999999999999956e-01 8.454010757133327836e-01
8.709999999999999964e-01 8.457244083536846757e-01
8.719999999999999973e-01 8.460474414991614456e-01
8.729999999999999982e-01 8.463701757374546553e-01
8.739999999999999991e-01 8.466926116544623016e-01
8.750000000000000000e-01 8.470147498343014725e-01
8.760000000000000009e-01 8.473365908593116780e-01
8.770000000000000018e-01 8.476581353100618443e-01
8.780000000000000027e-01 8.479793837653608612e-01
8.790000000000000036e-01 8.483003368022629109e-01
8.800000000000000044e-01 8.486209949960761278e-01
8.810000000000000053e-01 8.489413589203660404e-01
8.820000000000000062e-01 8.492614291469664511e-01
8.830000000000000071e-01 8.495812062459869862e-01
8.840000000000000080e-01 8.499006907858160931e-01
8.850000000000000089e-01 8.502198833331320316e-01
8.860000000000000098e-01 8.505387844529084251e-01
8.870000000000000107e-01 8.508573947084229205e-01
8.880000000000000115e-01 8.511757146612610736e-01
8.890000000000000124e-01 8.514937448713220114e-01
8.900000000000000133e-01 8.518114858968334202e-01
8.910000000000000142e-01 8.521289382943502133e-01
8.920000000000000151e-01 8.524461026187640789e-01
8.930000000000000160e-01 8.527629794233100302e-01
8.940000000000000169e-01 8.530795692595750657e-01
8.950000000000000178e-01 8.533958726775010550e-01
8.960000000000000187e-01 8.537118902253952868e-01
8.970000000000000195e-01 8.540276224499352420e-01
8.980000000000000204e-01 8.543430698961756997e-01
8.990000000000000213e-01 8.546582331075521788e-01
9.000000000000000222e-01 8.549731126258949265e-01
9.010000000000000231e-01 8.552877089914263653e-01
9.020000000000000240e-01 8.556020227427740821e-01
9.030000000000000249e-01 8.559160544169740481e-01
9.040000000000000258e-01 8.562298045494817211e-01
9.050000000000000266e-01 8.565432736741683817e-01
9.060000000000000275e-01 8.568564623233387856e-01
9.070000000000000284e-01 8.571693710277309419e-01
9.080000000000000293e-01 8.574820003165245508e-01
9.090000000000000302e-01 8.577943507173455551e-01
9.100000000000000311e-01 8.581064227562736901e-01
9.110000000000000320e-01 8.584182169578505883e-01
9.120000000000000329e-01 8.587297338450804451e-01
9.130000000000000338e-01 8.590409739394415656e-01
9.140000000000000346e-01 8.593519377608889176e-01
9.150000000000000355e-01 8.596626258278625698e-01
9.160000000000000364e-01 8.599730386572925767e-01
9.170000000000000373e-01 8.602831767646071937e-01
9.180000000000000382e-01 8.605930406637318786e-01
9.190000000000000391e-01 8.609026308671037242e-01
9.200000000000000400e-01 8.612119478856723465e-01
9.210000000000000409e-01 8.615209922289090994e-01
9.220000000000000417e-01 8.618297644048072970e-01
9.230000000000000426e-01 8.621382649198965353e-01
9.240000000000000435e-01 8.624464942792384736e-01
9.250000000000000444e-01 8.627544529864418221e-01
9.260000000000000453e-01 8.630621415436604549e-01
9.270000000000000462e-01 8.633695604516077315e-01
9.280000000000000471e-01 8.636767102095520565e-01
9.290000000000000480e-01 8.639835913153288693e-01
9.300000000000000488e-01 8.642902042653451966e-01
9.310000000000000497e-01 8.645965495545868684e-01
9.320000000000000506e-01 8.649026276766192955e-01
9.330000000000000515e-01 8.652084391235961291e-01
9.340000000000000524e-01 8.655139843862673654e-01
9.350000000000000533e-01 8.658192639539775692e-01
9.360000000000000542e-01 8.661242783146811952e-01
9.370000000000000551e-01 8.664290279549362594e-01
9.380000000000000560e-01 8.667335133599199937e-01
9.390000000000000568e-01 8.670377350134310657e-01
9.400000000000000577e-01 8.673416933978898014e-01
9.410000000000000586e-01 8.676453889943527287e-01
9.420000000000000595e-01 8.679488222825074706e-01
9.430000000000000604e-01 8.682519937406844024e-01
9.440000000000000613e-01 8.685549038458701965e-01
9.450000000000000622e-01 8.688575530736936114e-01
9.460000000000000631e-01 8.691599418984420344e-01
9.470000000000000639e-01 8.694620707930675874e-01
9.480000000000000648e-01 8.697639402291891253e-01
9.490000000000000657e-01 8.700655506771004521e-01
9.500000000000000666e-01 8.703669026057694325e-01
9.510000000000000675e-01 8.706679964828504259e-01
9.520000000000000684e-01 8.709688327746837322e-01
9.530000000000000693e-01 8.712694119463033626e-01
9.540000000000000702e-01 8.715697344614407038e-01
9.550000000000000711e-01 8.718698007825325114e-01
9.560000000000000719e-01 8.721696113707203546e-01
9.570000000000000728e-01 8.724691666858588324e-01
9.580000000000000737e-01 8.727684671865236776e-01
9.590000000000000746e-01 8.730675133300089819e-01
9.599999999999999645e-01 8.733663055723379642e-01
9.609999999999999654e-01 8.736648443682677456e-01
9.619999999999999662e-01 8.739631301712890155e-01
9.629999999999999671e-01 8.742611634336378001e-01
9.639999999999999680e-01 8.745589446062942418e-01
9.649999999999999689e-01 8.748564741389902588e-01
9.659999999999999698e-01 8.751537524802159851e-01
9.669999999999999707e-01 8.754507800772182158e-01
9.679999999999999716e-01 8.757475573760127308e-01
9.689999999999999725e-01 8.760440848213827403e-01
9.699999999999999734e-01 8.763403628568888770e-01
9.709999999999999742e-01 8.766363919248669756e-01
9.719999999999999751e-01 8.769321724664402851e-01
9.729999999999999760e-01 8.772277049215190248e-01
9.739999999999999769e-01 8.775229897288061576e-01
9.749999999999999778e-01 8.778180273258014976e-01
9.759999999999999787e-01 8.781128181488087048e-01
9.769999999999999796e-01 8.784073626329357287e-01
9.779999999999999805e-01 8.787016612121018033e-01
9.789999999999999813e-01 8.789957143190403333e-01
9.799999999999999822e-01 8.792895223853078868e-01
9.809999999999999831e-01 8.795830858412817532e-01
9.819999999999999840e-01 8.798764051161683808e-01
9.829999999999999849e-01 8.801694806380067071e-01
9.839999999999999858e-01 8.804623128336727111e-01
9.849999999999999867e-01 8.807549021288842983e-01
9.859999999999999876e-01 8.810472489482050751e-01
9.869999999999999885e-01 8.813393537150467916e-01
9.879999999999999893e-01 8.816312168516791115e-01
9.889999999999999902e-01 8.819228387792236168e-01
9.899999999999999911e-01 8.822142199176699062e-01
9.909999999999999920e-01 8.825053606858735966e-01
9.919999999999999929e-01 8.827962615015594317e-01
9.929999999999999938e-01 8.830869227813262778e-01
9.939999999999999947e-01 8.833773449406553402e-01
9.949999999999999956e-01 8.836675283939097181e-01
9.959999999999999964e-01 8.839574735543379580e-01
9.969999999999999973e-01 8.842471808340828243e-01
9.979999999999999982e-01 8.845366506441814103e-01
9.989999999999999991e-01 8.848258833945678026e-01
1.000000000000000000e+00 8.851148794940840725e-01
