   0   1   0   0   0   0   0   1   0   0   0   0
FILE FOR M=6 CONTOURED NOZZLE. 010:non_eq  001:eq  100: frozen
straight line segs.  T0(K)  P0(atm)  5000.  noz_length(cm) 1. 0. Tlow(500K)
001   4   8  11   1   4   0   1   1   1   1   0   0
 5298.80    369.89    5000.     98.39    1.        0.         200.
      .050     .01        .01       .001      .05      .1
       .20      .20        .20       .20       .20      .20        .20
       .20      .20        .20       .30
     N   1.56176    14.008
     O    .41959       16.
    AR  .009324     39.944
    E-        0. .00054847
      3.0 E+21     -1.5 E+00   2.2499 E+05      1.0 E+00
      1.5 E+22     -1.5 E+00   2.2499 E+05      1.0 E+00
      9.9 E+20     -1.5 E+00   2.2499 E+05      1.0 E+00
      3.6 E+21     -1.5 E+00   1.1796 E+05      1.0 E+00
      2.1 E+18     -5.0 E-01   1.1796 E+05      1.0 E+00
      1.2 E+21     -1.5 E+00   1.1796 E+05      1.0 E+00
      5.2 E+21     -1.5 E+00   1.4996 E+05      1.0 E+00
      1.0 E+12      5.0 E-01    7.2000E+03      0.0 E+00
      5.0 E+13       0.0E+00   7.5520 E+04      0.0 E+00
      9.1 E+24     -2.5 E+00   1.2912 E+05      0.0 E+00
      1.8 E+21     -1.5 E+00    0.0   E+00      0.0 E+00
  0  0  0  1
  2  0  0  0
  0  2  0  0
  0  0  1  0
  1  0  0  0
  0  1  0  0
  1  1  0  0
  1  1  0 -1
  0  0  0  0  2  0  0  0
  0  0  0  0  2  0  0  0
  0  0  0  0  2  0  0  0
  0  0  0  0  0  2  0  0
  0  0  0  0  0  2  0  0
  0  0  0  0  0  2  0  0
  0  0  0  0  1  1  0  0
  0  0  0  0  0  1  1  0
  0  0  0  0  1  0  1  0
  0  0  0  0  0  0  2  0
  0  0  0  0  1  1  0  0
  0  1  0  0  0  0  0  0
  0  1  0  0  0  0  0  0
  0  1  0  0  0  0  0  0
  0  0  1  0  0  0  0  0
  0  0  1  0  0  0  0  0
  0  0  1  0  0  0  0  0
  0  0  0  0  0  0  1  0
  0  0  1  0  1  0  0  0
  0  1  0  0  0  1  0  0
  0  1  1  0  0  0  0  0
  1  0  0  0  0  0  0  1
01000000
00001000
00110110
00100000
00000100
01011010
01111110
  9.229444e+00 -4.860800e-03  6.400000e-07  1.000000e+00  0.000000e+00
  1.318656e+00  0.000000e+00  0.000000e+00  0.000000e+00  0.000000e+00
  1.000000e+00  4.000000e-01  4.000000e-02  2.029529e+00  4.891910e-01
  2.947825e-02  0.000000e+00  0.000000e+00  0.000000e+00  0.000000e+00
  8.664130e+00  6.914069e-01  1.379375e-02  0.000000e+00  0.000000e+00
  0.000000e+00  0.000000e+00  2.528059e+01  7.331439e-01  5.315344e-03
  0.000000e+00  0.000000e+00  0.000000e+00  0.000000e+00  4.941441e+01
  6.056218e-01  1.855621e-03  0.000000e+00  0.000000e+00  0.000000e+00
  0.000000e+00
-2.500000e+00  1.500000e+01  2.800000e+01  4.680000e+01  6.710000e+01
11111111
  2.5      E+00
  0.0      E+00  -1.1735  E+01  0.0      E+00             E-
    E- 1.0      E+00-1.492823 E+01 0.0      E+00 0.0      E+00 1
  2   0.0     E+00
  3.451483 E+00  3.088332 E-04 -4.251428 E-08  2.739295 E-12
-5.46832  E-17  3.071269 E+00  0.0      E+00             N2
    N2 2.0      E+00-4.2163   E-01 3.35324  E+03 0.0      E+00 4
  1   0.0     E+00  3   1.43685 E+05  6   1.70475 E+05  1   1.754   E+05
  3.249473 E+00  4.963449 E-04 -6.701753 E-08  4.443339 E-12
-1.000281 E-16  5.915022 E+00  0.0      E+00             O2
    O2 2.0      E+00 1.0745   E-01 2.23897  E+03 0.0      E+00 5
  3   0.0     E+00  2   2.2037  E+04  1   3.7725  E+04  3   1.03198 E+05
  3   1.4239  E+05
  2.563282 E+00 -3.59177  E-05  7.469208 E-09 -6.747034 E-13
  2.234019 E-17  4.000939 E+00  0.0      E+00             AR
    AR 1.0      E+00 1.86557  E+00 0.0      E+00 0.0      E+00 3
  1   0.0     E+00  5   2.66307 E+05  3   2.68042 E+05
  3.008922 E+00 -3.134625 E-04  6.311813 E-08 -4.165203 E-12
  9.334886 E-17  1.303476 E+00  1.125906 E+05              N
     N 1.0      E+00 2.9868   E-01 0.0      E+00 1.125906 E+05 5
  4   0.0     E+00  6   5.4974  E+04  4   5.5125  E+04  6   8.2455  E+04
12   2.3821  E+05
  2.594143 E+00 -5.008914 E-05  1.199502 E-08 -8.681611 E-13
  2.1481   E-17  4.600615 E+00  5.898    E+04              O
     O 1.0      E+00 4.932    E-01 0.0      E+00 5.898    E+04 6
  5   0.0     E+00  3   4.5462  E+02  1   6.4898  E+02  5   4.5368  E+04
  1   9.6615  E+04  5   2.10907 E+05
  3.756216 E+00  2.083961 E-04 -2.639548 E-08  1.690332 E-12
-3.611523 E-17  3.611167 E+00  2.1477   E+04             NO
    NO 2.0      E+00 5.3941   E-01 2.69918  E+03 2.1477   E+04 3
  4   0.0     E+00  2   1.257   E+05  4   1.31283 E+05
  3.397385 E+00  3.749384 E-04 -6.06203  E-08  4.637506 E-12
-1.107704 E-16  4.200563 E+00  2.3533   E+05            NO+
   NO+ 2.0      E+00 3.7861   E-01 3.37295  E+03 2.3533   E+05 6
  1   0.0     E+00  6   1.15232 E+05  3   1.68987 E+05  6   2.08732 E+05
  2   2.0959  E+05
  1.050
  98.39

