#   x(m)    rho    f_N2    f_O2
-2.00000000e-05  1.23328539  0.99972047  0.00027953
-1.97500000e-05  1.23329295  0.99967131  0.00032869
-1.95000000e-05  1.23330172  0.99961418  0.00038582
-1.92500000e-05  1.23331190  0.99954795  0.00045205
-1.90000000e-05  1.23332367  0.99947128  0.00052872
-1.87500000e-05  1.23333728  0.99938271  0.00061729
-1.85000000e-05  1.23335297  0.99928059  0.00071941
-1.82500000e-05  1.23337102  0.99916306  0.00083694
-1.80000000e-05  1.23339176  0.99902806  0.00097194
-1.77500000e-05  1.23341554  0.99887329  0.00112671
-1.75000000e-05  1.23344275  0.99869619  0.00130381
-1.72500000e-05  1.23347383  0.99849392  0.00150608
-1.70000000e-05  1.23350926  0.99826334  0.00173666
-1.67500000e-05  1.23354958  0.99800100  0.00199900
-1.65000000e-05  1.23359536  0.99770308  0.00229692
-1.62500000e-05  1.23364726  0.99736540  0.00263460
-1.60000000e-05  1.23370598  0.99698340  0.00301660
-1.57500000e-05  1.23377228  0.99655208  0.00344792
-1.55000000e-05  1.23384701  0.99606599  0.00393401
-1.52500000e-05  1.23393108  0.99551924  0.00448076
-1.50000000e-05  1.23402547  0.99490542  0.00509458
-1.47500000e-05  1.23413126  0.99421764  0.00578236
-1.45000000e-05  1.23424959  0.99344845  0.00655155
-1.42500000e-05  1.23438169  0.99258987  0.00741013
-1.40000000e-05  1.23452890  0.99163335  0.00836665
-1.37500000e-05  1.23469263  0.99056977  0.00943023
-1.35000000e-05  1.23487438  0.98938943  0.01061057
-1.32500000e-05  1.23507576  0.98808202  0.01191798
-1.30000000e-05  1.23529847  0.98663666  0.01336334
-1.27500000e-05  1.23554428  0.98504190  0.01495810
-1.25000000e-05  1.23581510  0.98328569  0.01671431
-1.22500000e-05  1.23611290  0.98135543  0.01864457
-1.20000000e-05  1.23643973  0.97923800  0.02076200
-1.17500000e-05  1.23679776  0.97691978  0.02308022
-1.15000000e-05  1.23718922  0.97438665  0.02561335
-1.12500000e-05  1.23761640  0.97162412  0.02837588
-1.10000000e-05  1.23808170  0.96861730  0.03138270
-1.07500000e-05  1.23858755  0.96535100  0.03464900
-1.05000000e-05  1.23913645  0.96180979  0.03819021
-1.02500000e-05  1.23973091  0.95797811  0.04202189
-1.00000000e-05  1.24037351  0.95384030  0.04615970
-9.75000000e-06  1.24106682  0.94938073  0.05061927
-9.50000000e-06  1.24181344  0.94458391  0.05541609
-9.25000000e-06  1.24261592  0.93943456  0.06056544
-9.00000000e-06  1.24347681  0.93391777  0.06608223
-8.75000000e-06  1.24439862  0.92801909  0.07198091
-8.50000000e-06  1.24538379  0.92172468  0.07827532
-8.25000000e-06  1.24643466  0.91502142  0.08497858
-8.00000000e-06  1.24755349  0.90789705  0.09210295
-7.75000000e-06  1.24874242  0.90034031  0.09965969
-7.50000000e-06  1.25000344  0.89234105  0.10765895
-7.25000000e-06  1.25133839  0.88389041  0.11610959
-7.00000000e-06  1.25274893  0.87498089  0.12501911
-6.75000000e-06  1.25423649  0.86560651  0.13439349
-6.50000000e-06  1.25580232  0.85576294  0.14423706
-6.25000000e-06  1.25744739  0.84544754  0.15455246
-6.00000000e-06  1.25917246  0.83465956  0.16534044
-5.75000000e-06  1.26097796  0.82340013  0.17659987
-5.50000000e-06  1.26286408  0.81167239  0.18832761
-5.25000000e-06  1.26483066  0.79948155  0.20051845
-5.00000000e-06  1.26687726  0.78683490  0.21316510
-4.75000000e-06  1.26900308  0.77374187  0.22625813
-4.50000000e-06  1.27120701  0.76021403  0.23978597
-4.25000000e-06  1.27348758  0.74626506  0.25373494
-4.00000000e-06  1.27584297  0.73191076  0.26808924
-3.75000000e-06  1.27827103  0.71716898  0.28283102
-3.50000000e-06  1.28076925  0.70205957  0.29794043
-3.25000000e-06  1.28333479  0.68660429  0.31339571
-3.00000000e-06  1.28596445  0.67082669  0.32917331
-2.75000000e-06  1.28865472  0.65475206  0.34524794
-2.50000000e-06  1.29140178  0.63840721  0.36159279
-2.25000000e-06  1.29420151  0.62182040  0.37817960
-2.00000000e-06  1.29704950  0.60502114  0.39497886
-1.75000000e-06  1.29994109  0.58804003  0.41195997
-1.50000000e-06  1.30287137  0.57090858  0.42909142
-1.25000000e-06  1.30583522  0.55365905  0.44634095
-1.00000000e-06  1.30882735  0.53632420  0.46367580
-7.50000000e-07  1.31184230  0.51893716  0.48106284
-5.00000000e-07  1.31487447  0.50153120  0.49846880
-2.50000000e-07  1.31791818  0.48413951  0.51586049
-3.29284058e-20  1.32096770  0.46679509  0.53320491
2.50000000e-07  1.32401721  0.44953055  0.55046945
5.00000000e-07  1.32706092  0.43237796  0.56762204
7.50000000e-07  1.33009310  0.41536847  0.58463153
1.00000000e-06  1.33310804  0.39853234  0.60146766
1.25000000e-06  1.33610017  0.38189874  0.61810126
1.50000000e-06  1.33906403  0.36549560  0.63450440
1.75000000e-06  1.34199431  0.34934952  0.65065048
2.00000000e-06  1.34488589  0.33348561  0.66651439
2.25000000e-06  1.34773388  0.31792742  0.68207258
2.50000000e-06  1.35053361  0.30269683  0.69730317
2.75000000e-06  1.35328067  0.28781400  0.71218600
3.00000000e-06  1.35597095  0.27329729  0.72670271
3.25000000e-06  1.35860061  0.25916321  0.74083679
3.50000000e-06  1.36116614  0.24542643  0.75457357
3.75000000e-06  1.36366436  0.23209972  0.76790028
4.00000000e-06  1.36609242  0.21919400  0.78080600
4.25000000e-06  1.36844782  0.20671828  0.79328172
4.50000000e-06  1.37072838  0.19467975  0.80532025
4.75000000e-06  1.37293231  0.18308378  0.81691622
5.00000000e-06  1.37505814  0.17193398  0.82806602
5.25000000e-06  1.37710473  0.16123224  0.83876776
5.50000000e-06  1.37907131  0.15097881  0.84902119
5.75000000e-06  1.38095743  0.14117238  0.85882762
6.00000000e-06  1.38276294  0.13181011  0.86818989
6.25000000e-06  1.38448800  0.12288777  0.87711223
6.50000000e-06  1.38613308  0.11439982  0.88560018
6.75000000e-06  1.38769890  0.10633948  0.89366052
7.00000000e-06  1.38918647  0.09869884  0.90130116
7.25000000e-06  1.39059700  0.09146895  0.90853105
7.50000000e-06  1.39193195  0.08463996  0.91536004
7.75000000e-06  1.39319297  0.07820117  0.92179883
8.00000000e-06  1.39438191  0.07214116  0.92785884
8.25000000e-06  1.39550074  0.06644787  0.93355213
8.50000000e-06  1.39655161  0.06110872  0.93889128
8.75000000e-06  1.39753677  0.05611071  0.94388929
9.00000000e-06  1.39845858  0.05144047  0.94855953
9.25000000e-06  1.39931947  0.04708440  0.95291560
9.50000000e-06  1.40012196  0.04302873  0.95697127
9.75000000e-06  1.40086857  0.03925959  0.96074041
1.00000000e-05  1.40156188  0.03576311  0.96423689
1.02500000e-05  1.40220448  0.03252548  0.96747452
1.05000000e-05  1.40279895  0.02953302  0.97046698
1.07500000e-05  1.40334784  0.02677221  0.97322779
1.10000000e-05  1.40385369  0.02422981  0.97577019
1.12500000e-05  1.40431899  0.02189282  0.97810718
1.15000000e-05  1.40474618  0.01974862  0.98025138
1.17500000e-05  1.40513763  0.01778492  0.98221508
1.20000000e-05  1.40549566  0.01598986  0.98401014
1.22500000e-05  1.40582250  0.01435199  0.98564801
1.25000000e-05  1.40612029  0.01286032  0.98713968
1.27500000e-05  1.40639111  0.01150431  0.98849569
1.30000000e-05  1.40663693  0.01027394  0.98972606
1.32500000e-05  1.40685963  0.00915962  0.99084038
1.35000000e-05  1.40706101  0.00815231  0.99184769
1.37500000e-05  1.40724277  0.00724343  0.99275657
1.40000000e-05  1.40740649  0.00642489  0.99357511
1.42500000e-05  1.40755370  0.00568909  0.99431091
1.45000000e-05  1.40768581  0.00502891  0.99497109
1.47500000e-05  1.40780413  0.00443769  0.99556231
1.50000000e-05  1.40790992  0.00390922  0.99609078
1.52500000e-05  1.40800431  0.00343772  0.99656228
1.55000000e-05  1.40808838  0.00301786  0.99698214
1.57500000e-05  1.40816311  0.00264467  0.99735533
1.60000000e-05  1.40822942  0.00231360  0.99768640
1.62500000e-05  1.40828813  0.00202044  0.99797956
1.65000000e-05  1.40834003  0.00176134  0.99823866
1.67500000e-05  1.40838582  0.00153278  0.99846722
1.70000000e-05  1.40842613  0.00133154  0.99866846
1.72500000e-05  1.40846156  0.00115469  0.99884531
1.75000000e-05  1.40849264  0.00099956  0.99900044
1.77500000e-05  1.40851985  0.00086375  0.99913625
1.80000000e-05  1.40854363  0.00074508  0.99925492
1.82500000e-05  1.40856437  0.00064157  0.99935843
1.85000000e-05  1.40858243  0.00055146  0.99944854
1.87500000e-05  1.40859811  0.00047317  0.99952683
1.90000000e-05  1.40861172  0.00040527  0.99959473
1.92500000e-05  1.40862350  0.00034650  0.99965350
1.95000000e-05  1.40863367  0.00029572  0.99970428
1.97500000e-05  1.40864245  0.00025194  0.99974806
2.00000000e-05  1.40865000  0.00021425  0.99978575
