# Variables: 1:pos.x 2:pos.y 3:pos.z 4:volume 5:rho 6:vel.x 7:vel.y 8:vel.z 9:p 10:a 11:mu 12:k[0] 13:mu_t 14:k_t 15:S 16:tke 17:omega 18:massf[0]-LUT 19:e[0] 20:T[0] 21:M_local 22:pitot_p 23:total_p 24:total_h
 5.114270e-01 1.942938e-03 0.000000e+00 1.938940e-09 1.259704e-01 1.996218e+03 -2.604459e+00 0.000000e+00 1.606753e+04 4.211559e+02 2.483829e-05 3.542345e-02 0.000000e+00 0.000000e+00 0.000000e+00 0.000000e+00 1.000000e+00 1.000000e+00 3.201885e+05 4.443408e+02 4.739859e+00 4.699130e+05 6.454142e+06 2.440185e+06
 5.114270e-01 5.815955e-03 0.000000e+00 5.764855e-09 1.255641e-01 1.995900e+03 -7.378777e+00 0.000000e+00 1.603843e+04 4.214464e+02 2.486318e-05 3.546106e-02 0.000000e+00 0.000000e+00 0.000000e+00 0.000000e+00 1.000000e+00 1.000000e+00 3.206521e+05 4.449714e+02 4.735866e+00 4.682714e+05 6.412301e+06 2.440219e+06
 5.114271e-01 9.650730e-03 0.000000e+00 9.437821e-09 1.253461e-01 1.996202e+03 -1.181672e+01 0.000000e+00 1.599021e+04 4.211855e+02 2.484083e-05 3.542728e-02 0.000000e+00 0.000000e+00 0.000000e+00 0.000000e+00 1.000000e+00 1.000000e+00 3.202357e+05 4.444049e+02 4.739566e+00 4.675935e+05 6.420903e+06 2.440284e+06
 5.114273e-01 1.342288e-02 0.000000e+00 1.286542e-08 1.249696e-01 1.996625e+03 -1.559698e+01 0.000000e+00 1.591449e+04 4.208297e+02 2.481037e-05 3.538125e-02 0.000000e+00 0.000000e+00 0.000000e+00 0.000000e+00 1.000000e+00 1.000000e+00 3.196683e+05 4.436331e+02 4.744642e+00 4.663770e+05 6.428745e+06 2.440393e+06
 5.114274e-01 1.710961e-02 0.000000e+00 1.596860e-08 1.245990e-01 1.996933e+03 -1.841264e+01 0.000000e+00 1.584357e+04 4.205237e+02 2.478421e-05 3.534171e-02 0.000000e+00 0.000000e+00 0.000000e+00 0.000000e+00 1.000000e+00 1.000000e+00 3.191808e+05 4.429700e+02 4.748883e+00 4.651301e+05 6.432022e+06 2.440377e+06
 5.114277e-01 2.069025e-02 0.000000e+00 1.868525e-08 1.243776e-01 1.997140e+03 -1.998022e+01 0.000000e+00 1.580028e+04 4.203278e+02 2.476747e-05 3.531641e-02 0.000000e+00 0.000000e+00 0.000000e+00 0.000000e+00 1.000000e+00 1.000000e+00 3.188689e+05 4.425457e+02 4.751626e+00 4.643954e+05 6.435120e+06 2.440388e+06
 5.114279e-01 2.414667e-02 0.000000e+00 2.097228e-08 1.244712e-01 1.997114e+03 -2.029101e+01 0.000000e+00 1.581405e+04 4.203521e+02 2.476955e-05 3.531955e-02 0.000000e+00 0.000000e+00 0.000000e+00 0.000000e+00 1.000000e+00 1.000000e+00 3.189076e+05 4.425984e+02 4.751295e+00 4.647354e+05 6.438233e+06 2.440395e+06
 5.114282e-01 2.746354e-02 0.000000e+00 2.280624e-08 1.244628e-01 1.997160e+03 -1.973538e+01 0.000000e+00 1.581093e+04 4.203256e+02 2.476728e-05 3.531613e-02 0.000000e+00 0.000000e+00 0.000000e+00 0.000000e+00 1.000000e+00 1.000000e+00 3.188655e+05 4.425410e+02 4.751692e+00 4.647212e+05 6.439966e+06 2.440418e+06
 5.114285e-01 3.062850e-02 0.000000e+00 2.418241e-08 1.245303e-01 1.997130e+03 -1.864085e+01 0.000000e+00 1.582303e+04 4.203711e+02 2.477117e-05 3.532200e-02 0.000000e+00 0.000000e+00 0.000000e+00 0.000000e+00 1.000000e+00 1.000000e+00 3.189379e+05 4.426395e+02 4.751080e+00 4.649570e+05 6.440279e+06 2.440437e+06
 5.114288e-01 3.363222e-02 0.000000e+00 2.511292e-08 1.247041e-01 1.997009e+03 -1.711114e+01 0.000000e+00 1.585428e+04 4.204894e+02 2.478127e-05 3.533727e-02 0.000000e+00 0.000000e+00 0.000000e+00 0.000000e+00 1.000000e+00 1.000000e+00 3.191261e+05 4.428956e+02 4.749424e+00 4.655504e+05 6.440479e+06 2.440430e+06
 5.114291e-01 3.646832e-02 0.000000e+00 2.562385e-08 1.249700e-01 1.996806e+03 -1.504627e+01 0.000000e+00 1.590278e+04 4.206784e+02 2.479743e-05 3.536169e-02 0.000000e+00 0.000000e+00 0.000000e+00 0.000000e+00 1.000000e+00 1.000000e+00 3.194272e+05 4.433051e+02 4.746768e+00 4.664518e+05 6.440071e+06 2.440410e+06
 5.114294e-01 3.913319e-02 0.000000e+00 2.575205e-08 1.254967e-01 1.996483e+03 -1.269522e+01 0.000000e+00 1.599558e+04 4.210085e+02 2.482567e-05 3.540438e-02 0.000000e+00 0.000000e+00 0.000000e+00 0.000000e+00 1.000000e+00 1.000000e+00 3.199534e+05 4.440209e+02 4.742239e+00 4.682781e+05 6.443329e+06 2.440463e+06
 5.114298e-01 4.162579e-02 0.000000e+00 2.554176e-08 1.262309e-01 1.996061e+03 -9.771659e+00 0.000000e+00 1.612598e+04 4.214767e+02 2.486577e-05 3.546498e-02 0.000000e+00 0.000000e+00 0.000000e+00 0.000000e+00 1.000000e+00 1.000000e+00 3.207005e+05 4.450371e+02 4.735932e+00 4.708391e+05 6.447968e+06 2.440628e+06
 5.114301e-01 4.394733e-02 0.000000e+00 2.504140e-08 1.271804e-01 1.995515e+03 -6.595468e+00 0.000000e+00 1.629349e+04 4.220591e+02 2.491572e-05 3.554048e-02 0.000000e+00 0.000000e+00 0.000000e+00 0.000000e+00 1.000000e+00 1.000000e+00 3.216311e+05 4.463028e+02 4.728073e+00 4.741503e+05 6.455074e+06 2.440807e+06
 5.114304e-01 4.610096e-02 0.000000e+00 2.430075e-08 1.281886e-01 1.994850e+03 -3.582252e+00 0.000000e+00 1.647274e+04 4.226843e+02 2.496944e-05 3.562166e-02 0.000000e+00 0.000000e+00 0.000000e+00 0.000000e+00 1.000000e+00 1.000000e+00 3.226319e+05 4.476638e+02 4.719487e+00 4.776256e+05 6.460454e+06 2.440855e+06
 5.114307e-01 4.809148e-02 0.000000e+00 2.336864e-08 1.291251e-01 1.994061e+03 -1.164848e+00 0.000000e+00 1.664003e+04 4.232651e+02 2.501942e-05 3.569722e-02 0.000000e+00 0.000000e+00 0.000000e+00 0.000000e+00 1.000000e+00 1.000000e+00 3.235633e+05 4.489302e+02 4.711140e+00 4.807707e+05 6.462037e+06 2.440570e+06
 5.114310e-01 4.992498e-02 0.000000e+00 2.229114e-08 1.299342e-01 1.993163e+03 5.478139e-01 0.000000e+00 1.678489e+04 4.237636e+02 2.506240e-05 3.576216e-02 0.000000e+00 0.000000e+00 0.000000e+00 0.000000e+00 1.000000e+00 1.000000e+00 3.243639e+05 4.500187e+02 4.703479e+00 4.833818e+05 6.459355e+06 2.439894e+06
 5.114313e-01 5.160854e-02 0.000000e+00 2.111030e-08 1.306162e-01 1.992515e+03 1.625801e+00 0.000000e+00 1.690699e+04 4.241783e+02 2.509819e-05 3.581626e-02 0.000000e+00 0.000000e+00 0.000000e+00 0.000000e+00 1.000000e+00 1.000000e+00 3.250309e+05 4.509253e+02 4.697353e+00 4.856312e+05 6.459269e+06 2.439530e+06
 5.114315e-01 5.314997e-02 0.000000e+00 1.986340e-08 1.312150e-01 1.992338e+03 2.206048e+00 0.000000e+00 1.701441e+04 4.245414e+02 2.512956e-05 3.586367e-02 0.000000e+00 0.000000e+00 0.000000e+00 0.000000e+00 1.000000e+00 1.000000e+00 3.256153e+05 4.517198e+02 4.692922e+00 4.877927e+05 6.466504e+06 2.439992e+06
 5.114318e-01 5.455755e-02 0.000000e+00 1.858257e-08 1.317024e-01 1.992581e+03 2.360326e+00 0.000000e+00 1.710245e+04 4.248412e+02 2.515549e-05 3.590286e-02 0.000000e+00 0.000000e+00 0.000000e+00 0.000000e+00 1.000000e+00 1.000000e+00 3.260984e+05 4.523764e+02 4.690182e+00 4.897389e+05 6.479351e+06 2.441147e+06
 5.114320e-01 5.583980e-02 0.000000e+00 1.729475e-08 1.321591e-01 1.992850e+03 2.180875e+00 0.000000e+00 1.718539e+04 4.251255e+02 2.518010e-05 3.594006e-02 0.000000e+00 0.000000e+00 0.000000e+00 0.000000e+00 1.000000e+00 1.000000e+00 3.265570e+05 4.529997e+02 4.687678e+00 4.915834e+05 6.491940e+06 2.442321e+06
 5.114322e-01 5.700530e-02 0.000000e+00 1.602191e-08 1.326761e-01 1.992817e+03 1.658288e+00 0.000000e+00 1.727940e+04 4.254461e+02 2.520788e-05 3.598204e-02 0.000000e+00 0.000000e+00 0.000000e+00 0.000000e+00 1.000000e+00 1.000000e+00 3.270745e+05 4.537030e+02 4.684066e+00 4.935079e+05 6.499826e+06 2.442973e+06
 5.114324e-01 5.806258e-02 0.000000e+00 1.478144e-08 1.331846e-01 1.992303e+03 8.889122e-01 0.000000e+00 1.737227e+04 4.257635e+02 2.523540e-05 3.602364e-02 0.000000e+00 0.000000e+00 0.000000e+00 0.000000e+00 1.000000e+00 1.000000e+00 3.275873e+05 4.543999e+02 4.679365e+00 4.951654e+05 6.498325e+06 2.442660e+06
 5.114326e-01 5.901994e-02 0.000000e+00 1.358656e-08 1.337230e-01 1.991369e+03 -1.159605e-01 0.000000e+00 1.747069e+04 4.260978e+02 2.526441e-05 3.606749e-02 0.000000e+00 0.000000e+00 0.000000e+00 0.000000e+00 1.000000e+00 1.000000e+00 3.281278e+05 4.551345e+02 4.673503e+00 4.967280e+05 6.489436e+06 2.441552e+06
 5.114328e-01 5.988541e-02 0.000000e+00 1.244692e-08 1.342634e-01 1.990584e+03 -1.251574e+00 0.000000e+00 1.757004e+04 4.264370e+02 2.529388e-05 3.611202e-02 0.000000e+00 0.000000e+00 0.000000e+00 0.000000e+00 1.000000e+00 1.000000e+00 3.286768e+05 4.558805e+02 4.667946e+00 4.983681e+05 6.483119e+06 2.440753e+06
 5.114329e-01 6.066663e-02 0.000000e+00 1.136909e-08 1.348004e-01 1.990066e+03 -2.461579e+00 0.000000e+00 1.766963e+04 4.267811e+02 2.532380e-05 3.615726e-02 0.000000e+00 0.000000e+00 0.000000e+00 0.000000e+00 1.000000e+00 1.000000e+00 3.292344e+05 4.566381e+02 4.662970e+00 5.001255e+05 6.481333e+06 2.440499e+06
 5.114331e-01 6.137087e-02 0.000000e+00 1.035706e-08 1.353097e-01 1.989673e+03 -3.654445e+00 0.000000e+00 1.776576e+04 4.271244e+02 2.535368e-05 3.620241e-02 0.000000e+00 0.000000e+00 0.000000e+00 0.000000e+00 1.000000e+00 1.000000e+00 3.297910e+05 4.573943e+02 4.658308e+00 5.018408e+05 6.480559e+06 2.440495e+06
 5.114332e-01 6.200495e-02 0.000000e+00 9.412735e-09 1.357854e-01 1.989301e+03 -4.822799e+00 0.000000e+00 1.785744e+04 4.274644e+02 2.538331e-05 3.624719e-02 0.000000e+00 0.000000e+00 0.000000e+00 0.000000e+00 1.000000e+00 1.000000e+00 3.303431e+05 4.581442e+02 4.653737e+00 5.034402e+05 6.478672e+06 2.440526e+06
 5.114333e-01 6.257523e-02 0.000000e+00 8.536371e-09 1.362316e-01 1.988888e+03 -5.940497e+00 0.000000e+00 1.794651e+04 4.278164e+02 2.541400e-05 3.629359e-02 0.000000e+00 0.000000e+00 0.000000e+00 0.000000e+00 1.000000e+00 1.000000e+00 3.309150e+05 4.589212e+02 4.648951e+00 5.049106e+05 6.473970e+06 2.440507e+06
 5.114334e-01 6.308762e-02 0.000000e+00 7.726923e-09 1.366210e-01 1.988396e+03 -7.035761e+00 0.000000e+00 1.802918e+04 4.281785e+02 2.544561e-05 3.634136e-02 0.000000e+00 0.000000e+00 0.000000e+00 0.000000e+00 1.000000e+00 1.000000e+00 3.315039e+05 4.597211e+02 4.643877e+00 5.061300e+05 6.464524e+06 2.440352e+06
 5.114335e-01 6.354761e-02 0.000000e+00 6.982379e-09 1.369356e-01 1.987596e+03 -7.922547e+00 0.000000e+00 1.810592e+04 4.285837e+02 2.548103e-05 3.639489e-02 0.000000e+00 0.000000e+00 0.000000e+00 0.000000e+00 1.000000e+00 1.000000e+00 3.321638e+05 4.606174e+02 4.637629e+00 5.069197e+05 6.443584e+06 2.439687e+06
 5.114336e-01 6.396022e-02 0.000000e+00 6.300025e-09 1.370432e-01 1.985367e+03 -8.719714e+00 0.000000e+00 1.816777e+04 4.291305e+02 2.552888e-05 3.646721e-02 0.000000e+00 0.000000e+00 0.000000e+00 0.000000e+00 1.000000e+00 1.000000e+00 3.330554e+05 4.618282e+02 4.626533e+00 5.062334e+05 6.379303e+06 2.436505e+06
 5.114337e-01 6.433007e-02 0.000000e+00 5.676668e-09 1.366294e-01 1.977318e+03 -9.402343e+00 0.000000e+00 1.821847e+04 4.303433e+02 2.563528e-05 3.662802e-02 0.000000e+00 0.000000e+00 0.000000e+00 0.000000e+00 1.000000e+00 1.000000e+00 3.350377e+05 4.645200e+02 4.594798e+00 5.007618e+05 6.153715e+06 2.423318e+06
 5.114337e-01 6.466138e-02 0.000000e+00 5.108811e-09 1.344267e-01 1.950237e+03 -9.769688e+00 0.000000e+00 1.826026e+04 4.342349e+02 2.597915e-05 3.714775e-02 0.000000e+00 0.000000e+00 0.000000e+00 0.000000e+00 1.000000e+00 1.000000e+00 3.414446e+05 4.732152e+02 4.491258e+00 4.797389e+05 5.427275e+06 2.379042e+06
 5.114338e-01 6.495800e-02 0.000000e+00 4.592802e-09 1.274002e-01 1.873345e+03 -9.537241e+00 0.000000e+00 1.831530e+04 4.463374e+02 2.707274e-05 3.880060e-02 0.000000e+00 0.000000e+00 0.000000e+00 0.000000e+00 1.000000e+00 1.000000e+00 3.618202e+05 5.008221e+02 4.197203e+00 4.208068e+05 3.745805e+06 2.260338e+06
 5.114338e-01 6.522342e-02 0.000000e+00 4.124937e-09 1.131185e-01 1.696179e+03 -8.686676e+00 0.000000e+00 1.836358e+04 4.732592e+02 2.955516e-05 4.260404e-02 0.000000e+00 0.000000e+00 0.000000e+00 0.000000e+00 1.000000e+00 1.000000e+00 4.101033e+05 5.655410e+02 3.584086e+00 3.090392e+05 1.633351e+06 2.010993e+06
 5.114339e-01 6.546082e-02 0.000000e+00 3.701550e-09 9.951189e-02 1.390240e+03 -8.039781e+00 0.000000e+00 1.837530e+04 5.031046e+02 3.226297e-05 4.693012e-02 0.000000e+00 0.000000e+00 0.000000e+00 0.000000e+00 1.000000e+00 1.000000e+00 4.697651e+05 6.432702e+02 2.763368e+00 1.865959e+05 4.790085e+05 1.620835e+06
 5.114339e-01 6.567307e-02 0.000000e+00 3.319074e-09 9.469930e-02 1.018746e+03 -5.617664e+00 0.000000e+00 1.837065e+04 5.149548e+02 3.340704e-05 4.875794e-02 0.000000e+00 0.000000e+00 0.000000e+00 0.000000e+00 1.000000e+00 1.000000e+00 4.949729e+05 6.757848e+02 1.978352e+00 9.999743e+04 1.379495e+05 1.207900e+06
 5.114340e-01 6.586277e-02 0.000000e+00 2.974082e-09 1.014185e-01 6.301610e+02 -2.415478e+00 0.000000e+00 1.840372e+04 4.989721e+02 3.187342e-05 4.630777e-02 0.000000e+00 0.000000e+00 0.000000e+00 0.000000e+00 1.000000e+00 1.000000e+00 4.611821e+05 6.321553e+02 1.262928e+00 4.726377e+04 4.797801e+04 8.411997e+05
 5.114340e-01 6.603225e-02 0.000000e+00 2.663324e-09 1.418858e-01 2.187852e+02 -1.196768e+00 0.000000e+00 1.839087e+04 4.244605e+02 2.512258e-05 3.585312e-02 0.000000e+00 0.000000e+00 0.000000e+00 0.000000e+00 1.000000e+00 1.000000e+00 3.254852e+05 4.515429e+02 5.154508e-01 2.201850e+04 2.201850e+04 4.790368e+05
