pos.x pos.y pos.z n.x n.y n.z area cellWidthNormalToSurface outsign p rho T vel.x vel.y vel.z mu a Re y+ tau_wall.x tau_wall.y tau_wall.z q_total q_cond q_diff
-6.5983045134622702e-03 1.0577020598646207e-04 0.0000000000000000e+00 9.9987154579993121e-01 -1.6027847630174834e-02 0.0000000000000000e+00 2.2377547438792986e-08 3.0346017109489892e-06 1 4.2649392698648835e+03 5.0186052656532608e-02 2.9600000000000000e+02 0.0000000000000000e+00 0.0000000000000000e+00 0.0000000000000000e+00 1.8278800576816405e-05 4.1455666505315787e+02 3.4539889475807102e+00 5.1627957239018210e-02 8.6013824815785489e-01 7.6598067302591577e+00 0.0000000000000000e+00 -1.6788394796040680e+06 -1.6788394796040680e+06 0.0000000000000000e+00
-6.5915243095383790e-03 3.1720193192281466e-04 0.0000000000000000e+00 9.9884411019668073e-01 -4.8067073193623078e-02 0.0000000000000000e+00 6.7109647873694156e-08 3.0414866326319550e-06 1 4.2571313605488731e+03 5.0094176049791821e-02 2.9600000000000000e+02 0.0000000000000000e+00 0.0000000000000000e+00 0.0000000000000000e+00 1.8278800576816405e-05 4.1490522098512713e+02 3.4583930912007710e+00 9.0596339708800155e-02 2.3082964806581421e+00 2.3558239141537406e+01 0.0000000000000000e+00 -1.6809970921736378e+06 -1.6809970921736378e+06 0.0000000000000000e+00
-6.5779708688084634e-03 5.2830771143170239e-04 0.0000000000000000e+00 9.9679029474971570e-01 -8.0056906590092292e-02 0.0000000000000000e+00 1.1177278860888530e-07 3.0552638670417402e-06 1 4.2410058175084887e+03 4.9904424847973285e-02 2.9600000000000000e+02 0.0000000000000000e+00 0.0000000000000000e+00 0.0000000000000000e+00 1.8278800576816405e-05 4.1516833796039418e+02 3.4630942347947169e+00 1.1697788603051336e-01 4.5857421850901652e+00 3.8989089195195263e+01 0.0000000000000000e+00 -1.6755063081711812e+06 -1.6755063081711812e+06 0.0000000000000000e+00
-6.5576581183490659e-03 7.3887061905421954e-04 0.0000000000000000e+00 9.9371220989324327e-01 -1.1196447610330248e-01 0.0000000000000000e+00 1.5632107524809383e-07 3.0759481418440379e-06 1 4.2159878569889561e+03 4.9610035501596476e-02 2.9600000000000000e+02 0.0000000000000000e+00 0.0000000000000000e+00 0.0000000000000000e+00 1.8278800576816405e-05 4.1557367635886123e+02 3.4693561316614345e+00 1.3866140096679924e-01 7.8419282652346416e+00 5.4179735278665284e+01 0.0000000000000000e+00 -1.6677375573607446e+06 -1.6677375573607446e+06 0.0000000000000000e+00
-6.5306069308843986e-03 9.4867428716902103e-04 0.0000000000000000e+00 9.8961301856752582e-01 -1.4375699454868204e-01 0.0000000000000000e+00 2.0070873141539550e-07 3.1035614125855209e-06 1 4.1832946743124248e+03 4.9225330894216213e-02 2.9600000000000000e+02 0.0000000000000000e+00 0.0000000000000000e+00 0.0000000000000000e+00 1.8278800576816405e-05 4.1609140632600742e+02 3.4776833754397325e+00 1.5748874201617388e-01 1.2112129976864024e+01 6.8853717367457463e+01 0.0000000000000000e+00 -1.6572893538430119e+06 -1.6572893538430119e+06 0.0000000000000000e+00
-6.4968451033382019e-03 1.1575031283246797e-03 0.0000000000000000e+00 9.8449693296875207e-01 -1.7540179296438324e-01 0.0000000000000000e+00 2.4489014579353410e-07 3.1381326999456977e-06 1 4.1432383096559233e+03 4.8753982840075191e-02 2.9600000000000000e+02 0.0000000000000000e+00 0.0000000000000000e+00 0.0000000000000000e+00 1.8278800576816405e-05 4.1669752943126895e+02 3.4878245909687404e+00 1.7448837481469007e-01 1.7271215819809044e+01 8.2970681475941234e+01 0.0000000000000000e+00 -1.6439812380507602e+06 -1.6439812380507602e+06 0.0000000000000000e+00
-6.4564073282705331e-03 1.3651425567703661e-03 0.0000000000000000e+00 9.7836921022071488e-01 -2.0686635418089275e-01 0.0000000000000000e+00 2.8881991899263292e-07 3.1796978733685885e-06 1 4.0959160528630232e+03 4.8197136160448330e-02 2.9600000000000000e+02 0.0000000000000000e+00 0.0000000000000000e+00 0.0000000000000000e+00 1.8278800576816405e-05 4.1737278600870957e+02 3.4993189093474544e+00 1.9017448877559129e-01 2.3249946078762108e+01 9.6426414804079016e+01 0.0000000000000000e+00 -1.6278085118343157e+06 -1.6278085118343157e+06 0.0000000000000000e+00
-6.4093351582288141e-03 1.5713792089572117e-03 0.0000000000000000e+00 9.7123614697276328e-01 -2.3811834623459993e-01 0.0000000000000000e+00 3.3245291020113614e-07 3.2282993816299107e-06 1 4.0415960101838891e+03 4.7557945693783965e-02 2.9600000000000000e+02 0.0000000000000000e+00 0.0000000000000000e+00 0.0000000000000000e+00 1.8278800576816405e-05 4.1809321024128820e+02 3.5117396378715688e+00 2.0485710344046082e-01 2.9960636193002642e+01 1.0912002822856320e+02 0.0000000000000000e+00 -1.6087309208150276e+06 -1.6087309208150276e+06 0.0000000000000000e+00
-6.3556769630497764e-03 1.7760011627837810e-03 0.0000000000000000e+00 9.6310507292957104e-01 -2.6912565559107432e-01 0.0000000000000000e+00 3.7574428357104947e-07 3.2839859310125565e-06 1 3.9805211087514786e+03 4.6839269992833929e-02 2.9600000000000000e+02 0.0000000000000000e+00 0.0000000000000000e+00 0.0000000000000000e+00 1.8278800576816405e-05 4.1883968997055240e+02 3.5246138257303072e+00 2.1874443308623664e-01 3.7333558456115135e+01 1.2096491516550714e+02 0.0000000000000000e+00 -1.5868245313732335e+06 -1.5868245313732335e+06 0.0000000000000000e+00
-6.2954878801561864e-03 1.9787981553603552e-03 0.0000000000000000e+00 9.5398434331936210e-01 -2.9985642014391750e-01 0.0000000000000000e+00 4.1864955428979822e-07 3.3468121119102414e-06 1 3.9126307787187193e+03 4.6040396324932585e-02 2.9600000000000000e+02 0.0000000000000000e+00 0.0000000000000000e+00 0.0000000000000000e+00 1.8278800576816405e-05 4.1960648125943248e+02 3.5372428589002669e+00 2.3196483396205933e-01 4.5330824709116392e+01 1.3186954995235789e+02 0.0000000000000000e+00 -1.5625228843852133e+06 -1.5625228843852133e+06 0.0000000000000000e+00
-6.2288297578994151e-03 2.1795617990682629e-03 0.0000000000000000e+00 9.4388333030837035e-01 -3.3027906195515921e-01 0.0000000000000000e+00 4.6112463429137702e-07 3.4168379747960123e-06 1 3.8386145753406363e+03 4.5169438769589294e-02 2.9600000000000000e+02 0.0000000000000000e+00 0.0000000000000000e+00 0.0000000000000000e+00 1.8278800576816405e-05 4.2036417824321450e+02 3.5493357634589890e+00 2.4458913285373363e-01 5.3819042478069122e+01 1.4173916225636412e+02 0.0000000000000000e+00 -1.5357666967965360e+06 -1.5357666967965360e+06 0.0000000000000000e+00
-6.1557710920060807e-03 2.3780857956922498e-03 0.0000000000000000e+00 9.3281241337026344e-01 -3.6036231970385696e-01 0.0000000000000000e+00 5.0312587755983505e-07 3.4941285566295695e-06 1 3.7588004371803918e+03 4.4230256219265969e-02 2.9600000000000000e+02 0.0000000000000000e+00 0.0000000000000000e+00 0.0000000000000000e+00 1.8278800576816405e-05 4.2109548410519767e+02 3.5603379548424394e+00 2.5668573089256586e-01 6.2677981215287687e+01 1.5053827049702022e+02 0.0000000000000000e+00 -1.5067432113659773e+06 -1.5067432113659773e+06 0.0000000000000000e+00
-6.0763869551940528e-03 2.5741661484058342e-03 0.0000000000000000e+00 9.2078296862058906e-01 -3.9007528080904502e-01 0.0000000000000000e+00 5.4461012497847777e-07 3.5787533589196321e-06 1 3.6736833279643320e+03 4.3228672971581332e-02 2.9600000000000000e+02 0.0000000000000000e+00 0.0000000000000000e+00 0.0000000000000000e+00 1.8278800576816405e-05 4.2177967439483427e+02 3.5697814216456396e+00 2.6828920540075618e-01 7.1804010756375575e+01 1.5821965275647989e+02 0.0000000000000000e+00 -1.4755675152781098e+06 -1.4755675152781098e+06 0.0000000000000000e+00
-5.9907589200301637e-03 2.7676013713918411e-03 0.0000000000000000e+00 9.0780735712699101e-01 -4.1938741319465916e-01 0.0000000000000000e+00 5.8553474867881389e-07 3.6707857787415968e-06 1 3.5836482097961275e+03 4.2169218921847634e-02 2.9600000000000000e+02 0.0000000000000000e+00 0.0000000000000000e+00 0.0000000000000000e+00 1.8278800576816405e-05 4.2240265220107221e+02 3.5771202440952412e+00 2.7942034662015564e-01 8.1090329312192836e+01 1.6476205490350316e+02 0.0000000000000000e+00 -1.4424601165089444e+06 -1.4424601165089444e+06 0.0000000000000000e+00
-5.8989749751088838e-03 2.9581926968826975e-03 0.0000000000000000e+00 8.9389891220742290e-01 -4.4826859666319047e-01 0.0000000000000000e+00 6.2585769584353510e-07 3.7703024941831489e-06 1 3.4891713504701606e+03 4.1057498370406578e-02 2.9600000000000000e+02 0.0000000000000000e+00 0.0000000000000000e+00 0.0000000000000000e+00 1.8278800576816405e-05 4.2295118395554545e+02 3.5818816328172374e+00 2.9009045446442472e-01 9.0437263338869172e+01 1.7015772265388171e+02 0.0000000000000000e+00 -1.4076285909509261e+06 -1.4076285909509261e+06 0.0000000000000000e+00
-5.8011294346380863e-03 3.1457442794077511e-03 0.0000000000000000e+00 8.7907192572921522e-01 -4.7668915384632887e-01 0.0000000000000000e+00 6.6553753191866621e-07 3.8773828057948317e-06 1 3.3907172172356713e+03 3.9898976759167815e-02 2.9600000000000000e+02 0.0000000000000000e+00 0.0000000000000000e+00 0.0000000000000000e+00 1.8278800576816405e-05 4.2341412832312807e+02 3.5835881244082235e+00 3.0030311060913661e-01 9.9755086132058267e+01 1.7441370470761643e+02 0.0000000000000000e+00 -1.3712850299602270e+06 -1.3712850299602270e+06 0.0000000000000000e+00
-5.6973228415248267e-03 3.3300633970377272e-03 0.0000000000000000e+00 8.6334163342327352e-01 -5.0461988070034858e-01 0.0000000000000000e+00 7.0453348319032058e-07 3.9921079356909883e-06 1 3.2886909789490255e+03 3.8698421758729611e-02 2.9600000000000000e+02 0.0000000000000000e+00 0.0000000000000000e+00 0.0000000000000000e+00 1.8278800576816405e-05 4.2378551217252374e+02 3.5817390287280140e+00 3.1005396066689711e-01 1.0895754495510293e+02 1.7755481153113283e+02 0.0000000000000000e+00 -1.3336903096145573e+06 -1.3336903096145573e+06 0.0000000000000000e+00
-5.5876618640607160e-03 3.5109606494195429e-03 0.0000000000000000e+00 8.4672419922828590e-01 -5.3203207651533380e-01 0.0000000000000000e+00 7.4280547868250609e-07 4.1145602861451854e-06 1 3.1835977273955104e+03 3.7461776844796749e-02 2.9600000000000000e+02 0.0000000000000000e+00 0.0000000000000000e+00 0.0000000000000000e+00 1.8278800576816405e-05 4.2405828147943043e+02 3.5759353357339387e+00 3.1933857487745465e-01 1.1797605494484520e+02 1.7961288676708261e+02 0.0000000000000000e+00 -1.2950492814671800e+06 -1.2950492814671800e+06 0.0000000000000000e+00
-5.4722591863130294e-03 3.6882501523979702e-03 0.0000000000000000e+00 8.2923669868119598e-01 -5.5889757340707036e-01 0.0000000000000000e+00 7.8031419133271718e-07 4.2448226595872638e-06 1 3.0757553603061911e+03 3.6192782758153831e-02 2.9600000000000000e+02 0.0000000000000000e+00 0.0000000000000000e+00 0.0000000000000000e+00 1.8278800576816405e-05 4.2423373487226775e+02 3.5656526411507166e+00 3.2815236029109202e-01 1.2675355189342898e+02 1.8064809979411046e+02 0.0000000000000000e+00 -1.2556561786590395e+06 -1.2556561786590395e+06 0.0000000000000000e+00
-5.3512333923342124e-03 3.8617497290241720e-03 0.0000000000000000e+00 8.1089710137094984e-01 -5.8518876526142516e-01 0.0000000000000000e+00 8.1702107840316416e-07 4.3829774419982919e-06 1 2.9656776809279240e+03 3.4897485483320265e-02 2.9600000000000000e+02 0.0000000000000000e+00 0.0000000000000000e+00 0.0000000000000000e+00 1.8278800576816405e-05 4.2431078984873869e+02 3.5505836729812357e+00 3.3652186393867417e-01 1.3527827559939112e+02 1.8074268236680535e+02 0.0000000000000000e+00 -1.2157272741978718e+06 -1.2157272741978718e+06 0.0000000000000000e+00
-5.2247088443087546e-03 4.0312810967548327e-03 0.0000000000000000e+00 7.9172425247351685e-01 -6.1087863610151816e-01 0.0000000000000000e+00 8.5288842108606389e-07 4.5291057518436802e-06 1 2.8528653935672305e+03 3.3570009747899768e-02 2.9600000000000000e+02 0.0000000000000000e+00 0.0000000000000000e+00 0.0000000000000000e+00 1.8278800576816405e-05 4.2434081691951593e+02 3.5296451172754688e+00 3.4447637793298064e-01 1.4371451732544460e+02 1.7995885928162321e+02 0.0000000000000000e+00 -1.1761587770128662e+06 -1.1761587770128662e+06 0.0000000000000000e+00
-5.0928155547626417e-03 4.1966700506495223e-03 0.0000000000000000e+00 7.7173785338720524e-01 -6.3594078784845087e-01 0.0000000000000000e+00 8.8787936326219174e-07 4.6832865567520988e-06 1 2.7376045855359716e+03 3.2213721975653364e-02 2.9600000000000000e+02 0.0000000000000000e+00 0.0000000000000000e+00 0.0000000000000000e+00 1.8278800576816405e-05 4.2437543024007505e+02 3.5026292911320005e+00 3.5195822084348399e-01 1.5207856679176666e+02 1.7825375642331849e+02 0.0000000000000000e+00 -1.1377312050653188e+06 -1.1377312050653188e+06 0.0000000000000000e+00
-4.9556890529666858e-03 4.3577466423780466e-03 0.0000000000000000e+00 7.5095844148811297e-01 -6.6034946744715728e-01 0.0000000000000000e+00 9.2195794937316222e-07 4.8455957602893987e-06 1 2.6220934218029397e+03 3.0854488237793607e-02 2.9600000000000000e+02 0.0000000000000000e+00 0.0000000000000000e+00 0.0000000000000000e+00 1.8278800576816405e-05 4.2437575416140982e+02 3.4711101607622257e+00 3.5892744813600025e-01 1.6008994864933047e+02 1.7565154014360633e+02 0.0000000000000000e+00 -1.0999685785978457e+06 -1.0999685785978457e+06 0.0000000000000000e+00
-4.8134702456710428e-03 4.5143453548538506e-03 0.0000000000000000e+00 7.2940736902663317e-01 -6.8407959332934709e-01 0.0000000000000000e+00 9.5508916136806539e-07 5.0161052611865578e-06 1 2.5067929021789460e+03 2.9497733174465673e-02 2.9600000000000000e+02 0.0000000000000000e+00 0.0000000000000000e+00 0.0000000000000000e+00 1.8278800576816405e-05 4.2432299875272673e+02 3.4348214093883391e+00 3.6537249537254640e-01 1.6765600364049956e+02 1.7226672764280116e+02 0.0000000000000000e+00 -1.0626917021645531e+06 -1.0626917021645531e+06 0.0000000000000000e+00
-4.6663052723140063e-03 4.6663052723140063e-03 0.0000000000000000e+00 7.0710678118654746e-01 -7.0710678118654746e-01 0.0000000000000000e+00 9.8723895468692880e-07 5.1948819875461236e-06 1 2.3921900440078634e+03 2.8149187577251274e-02 2.9600000000000000e+02 0.0000000000000000e+00 0.0000000000000000e+00 0.0000000000000000e+00 1.8278800576816405e-05 4.2420258370259154e+02 3.3936509063558185e+00 3.7124531139126271e-01 1.7470751104334460e+02 1.6813551450698569e+02 0.0000000000000000e+00 -1.0257890513750960e+06 -1.0257890513750960e+06 0.0000000000000000e+00
-4.5143453548538515e-03 4.8134702456710419e-03 0.0000000000000000e+00 6.8407959332934687e-01 -7.2940736902663350e-01 0.0000000000000000e+00 1.0183742932438700e-06 5.3819869086003522e-06 1 2.2786833042816015e+03 2.6813540137433450e-02 2.9600000000000000e+02 0.0000000000000000e+00 0.0000000000000000e+00 0.0000000000000000e+00 1.8278800576816405e-05 4.2400649482342635e+02 3.3475078814173691e+00 3.7650654257471344e-01 1.8118755795734631e+02 1.6331490994514826e+02 0.0000000000000000e+00 -9.8923696208677324e+05 -9.8923696208677324e+05 0.0000000000000000e+00
-4.3577466423780483e-03 4.9556890529666841e-03 0.0000000000000000e+00 6.6034946744715728e-01 -7.5095844148811297e-01 0.0000000000000000e+00 1.0484631833738039e-06 5.5774740266486900e-06 1 2.1667113447612796e+03 2.5495952640643599e-02 2.9600000000000000e+02 0.0000000000000000e+00 0.0000000000000000e+00 0.0000000000000000e+00 1.8278800576816405e-05 4.2372756594377319e+02 3.2964601033538914e+00 3.8112407210110366e-01 1.8705061924957437e+02 1.5786035906037574e+02 0.0000000000000000e+00 -9.5302290304975538e+05 -9.5302290304975538e+05 0.0000000000000000e+00
-4.1966700506495232e-03 5.0928155547626409e-03 0.0000000000000000e+00 6.3594078784845376e-01 -7.7173785338720291e-01 0.0000000000000000e+00 1.0774747067081515e-06 5.7813893519218508e-06 1 2.0566136668951171e+03 2.4200420041200925e-02 2.9600000000000000e+02 0.0000000000000000e+00 0.0000000000000000e+00 0.0000000000000000e+00 1.8278800576816405e-05 4.2336097744544628e+02 3.2405464629918681e+00 3.8506305609122160e-01 1.9225622101539670e+02 1.5183232355719537e+02 0.0000000000000000e+00 -9.1716146580042294e+05 -9.1716146580042294e+05 0.0000000000000000e+00
-4.0312810967548336e-03 5.2247088443087546e-03 0.0000000000000000e+00 6.1087863610151305e-01 -7.9172425247352074e-01 0.0000000000000000e+00 1.1053790519455477e-06 5.9937698631440911e-06 1 1.9487463332551681e+03 2.2931132170157978e-02 2.9600000000000000e+02 0.0000000000000000e+00 0.0000000000000000e+00 0.0000000000000000e+00 1.8278800576816405e-05 4.2290160736120799e+02 3.1799273821034371e+00 3.8830226677322999e-01 1.9677867736518752e+02 1.4529603106548231e+02 0.0000000000000000e+00 -8.8166205649303657e+05 -8.8166205649303657e+05 0.0000000000000000e+00
-3.8617497290241729e-03 5.3512333923342098e-03 0.0000000000000000e+00 5.8518876526142249e-01 -8.1089710137095183e-01 0.0000000000000000e+00 1.1321475454849553e-06 6.2146424566330441e-06 1 1.8432357147616190e+03 2.1689576049311189e-02 2.9600000000000000e+02 0.0000000000000000e+00 0.0000000000000000e+00 0.0000000000000000e+00 1.8278800576816405e-05 4.2235156347629589e+02 3.1145379172662779e+00 3.9082504793120099e-01 2.0061840928927376e+02 1.3833590320946882e+02 0.0000000000000000e+00 -8.4660513653008698e+05 -8.4660513653008698e+05 0.0000000000000000e+00
-3.6882501523979715e-03 5.4722591863130277e-03 0.0000000000000000e+00 5.5889757340707780e-01 -8.2923669868119076e-01 0.0000000000000000e+00 1.1577526808897798e-06 6.4440228868638193e-06 1 1.7404977971309272e+03 2.0480646632550760e-02 2.9600000000000000e+02 0.0000000000000000e+00 0.0000000000000000e+00 0.0000000000000000e+00 1.8278800576816405e-05 4.2169544490586634e+02 3.0447522061158572e+00 3.9275436694218729e-01 2.0388647172478630e+02 1.3111048819851123e+02 0.0000000000000000e+00 -8.1188199634378357e+05 -8.1188199634378357e+05 0.0000000000000000e+00
-3.5109606494195442e-03 5.5876618640607160e-03 0.0000000000000000e+00 5.3203207651533879e-01 -8.4672419922828290e-01 0.0000000000000000e+00 1.1821681471524971e-06 6.6819147014220310e-06 1 1.6381026805481563e+03 1.9275750996895546e-02 2.9600000000000000e+02 0.0000000000000000e+00 0.0000000000000000e+00 0.0000000000000000e+00 1.8278800576816405e-05 4.2104540177170321e+02 2.9668355131723150e+00 3.9400860967284967e-01 2.0704673448413774e+02 1.2348764305278490e+02 0.0000000000000000e+00 -7.7859562326857436e+05 -7.7859562326857436e+05 0.0000000000000000e+00
-3.3300633970377281e-03 5.6973228415248267e-03 0.0000000000000000e+00 5.0461988070034069e-01 -8.6334163342327808e-01 0.0000000000000000e+00 1.2053688557310622e-06 6.9283081733509055e-06 1 1.5377731086002491e+03 1.8095160873054329e-02 2.9600000000000000e+02 0.0000000000000000e+00 0.0000000000000000e+00 0.0000000000000000e+00 1.8278800576816405e-05 4.2042356335323603e+02 2.8835600475455663e+00 3.9454933358828093e-01 2.0986948673945631e+02 1.1543165107434614e+02 0.0000000000000000e+00 -7.4691529159063986e+05 -7.4691529159063986e+05 0.0000000000000000e+00
-3.1457442794077519e-03 5.8011294346380846e-03 0.0000000000000000e+00 4.7668915384632432e-01 -8.7907192572921777e-01 0.0000000000000000e+00 1.2273309663290922e-06 7.1831792339213165e-06 1 1.4409268892360446e+03 1.6955559777456067e-02 2.9600000000000000e+02 0.0000000000000000e+00 0.0000000000000000e+00 0.0000000000000000e+00 1.8278800576816405e-05 4.1980118303120139e+02 2.7972082392529103e+00 3.9438966716119728e-01 2.1211531411222433e+02 1.0707293545685825e+02 0.0000000000000000e+00 -7.1646426394933008e+05 -7.1646426394933008e+05 0.0000000000000000e+00
-2.9581926968826992e-03 5.8989749751088829e-03 0.0000000000000000e+00 4.4826859666320440e-01 -8.9389891220741602e-01 0.0000000000000000e+00 1.2480319113933430e-06 7.4464884088973256e-06 1 1.3480593829542743e+03 1.5862776676587798e-02 2.9600000000000000e+02 0.0000000000000000e+00 0.0000000000000000e+00 0.0000000000000000e+00 1.8278800576816405e-05 4.1913379358943229e+02 2.7085428547946861e+00 3.9349702371737078e-01 2.1365166967514193e+02 9.8500035429388959e+01 0.0000000000000000e+00 -6.8688921777634590e+05 -6.8688921777634590e+05 0.0000000000000000e+00
-2.7676013713918424e-03 5.9907589200301637e-03 0.0000000000000000e+00 4.1938741319465084e-01 -9.0780735712699490e-01 0.0000000000000000e+00 1.2674504193033896e-06 7.7181797613679865e-06 1 1.2595173368037592e+03 1.4820891784621291e-02 2.9600000000000000e+02 0.0000000000000000e+00 0.0000000000000000e+00 0.0000000000000000e+00 1.8278800576816405e-05 4.1839520411587955e+02 2.6183531929421737e+00 3.9186263022944834e-01 2.1438822314298665e+02 8.9822369776605100e+01 0.0000000000000000e+00 -6.5799245888746937e+05 -6.5799245888746937e+05 0.0000000000000000e+00
-2.5741661484058346e-03 6.0763869551940519e-03 0.0000000000000000e+00 3.9007528080904708e-01 -9.2078296862058828e-01 0.0000000000000000e+00 1.2855665362297022e-06 7.9981798442664783e-06 1 1.1755039341291676e+03 1.3832295984377902e-02 2.9600000000000000e+02 0.0000000000000000e+00 0.0000000000000000e+00 0.0000000000000000e+00 1.8278800576816405e-05 4.1756496739229806e+02 2.5273291086106400e+00 3.8948107792720454e-01 2.1427128887535864e+02 8.1123422701435985e+01 0.0000000000000000e+00 -6.2962822095165856e+05 -6.2962822095165856e+05 0.0000000000000000e+00
-2.3780857956922498e-03 6.1557710920060807e-03 0.0000000000000000e+00 3.6036231970385696e-01 -9.3281241337026344e-01 0.0000000000000000e+00 1.3023616466375067e-06 8.2863966656953887e-06 1 1.0961036650447281e+03 1.2897983481179988e-02 2.9600000000000000e+02 0.0000000000000000e+00 0.0000000000000000e+00 0.0000000000000000e+00 1.8278800576816405e-05 4.1662861487861812e+02 2.4360653553169942e+00 3.8635888725861056e-01 2.1327811368513017e+02 7.2487799527557868e+01 0.0000000000000000e+00 -6.0171138983795943e+05 -6.0171138983795943e+05 0.0000000000000000e+00
-2.1795617990682642e-03 6.2288297578994151e-03 0.0000000000000000e+00 3.3027906195516243e-01 -9.4388333030836924e-01 0.0000000000000000e+00 1.3178184924155150e-06 8.5827186701789706e-06 1 1.0213357918546617e+03 1.2018180936874944e-02 2.9600000000000000e+02 0.0000000000000000e+00 0.0000000000000000e+00 0.0000000000000000e+00 1.8278800576816405e-05 4.1557483480906279e+02 2.3451204916623873e+00 3.8251144777815466e-01 2.1140532030280755e+02 6.3997056011875131e+01 0.0000000000000000e+00 -5.7418865505939710e+05 -5.7418865505939710e+05 0.0000000000000000e+00
-1.9787981553603569e-03 6.2954878801561864e-03 0.0000000000000000e+00 2.9985642014391750e-01 -9.5398434331936210e-01 0.0000000000000000e+00 1.3319211906098880e-06 8.8870137389787045e-06 1 9.5117771064804981e+02 1.1192622368527999e-02 2.9600000000000000e+02 0.0000000000000000e+00 0.0000000000000000e+00 0.0000000000000000e+00 1.8278800576816405e-05 4.1439611350404454e+02 2.2550474351357113e+00 3.7796213671871337e-01 2.0866236334710030e+02 5.5734000148550344e+01 0.0000000000000000e+00 -5.4703989387195499e+05 -5.4703989387195499e+05 0.0000000000000000e+00
-1.7760011627837827e-03 6.3556769630497764e-03 0.0000000000000000e+00 2.6912565559107299e-01 -9.6310507292957148e-01 0.0000000000000000e+00 1.3446552497448524e-06 9.1991282125902583e-06 1 8.8560203887245143e+02 1.0420985562355625e-02 2.9600000000000000e+02 0.0000000000000000e+00 0.0000000000000000e+00 0.0000000000000000e+00 1.8278800576816405e-05 4.1308614043878373e+02 2.1664486290940888e+00 3.7274219817740267e-01 2.0506254269385315e+02 4.7788525951056926e+01 0.0000000000000000e+00 -5.2025551950907335e+05 -5.2025551950907335e+05 0.0000000000000000e+00
-1.5713792089572123e-03 6.4093351582288141e-03 0.0000000000000000e+00 2.3811834623459877e-01 -9.7123614697276373e-01 0.0000000000000000e+00 1.3560075847138563e-06 9.5188859385369461e-06 1 8.2464088913958199e+02 9.7036483913169654e-03 2.9600000000000000e+02 0.0000000000000000e+00 0.0000000000000000e+00 0.0000000000000000e+00 1.8278800576816405e-05 4.1163368259229787e+02 2.0801008150907294e+00 3.6694345463632450e-01 2.0066465917075888e+02 4.0274009087327983e+01 0.0000000000000000e+00 -4.9379083158221649e+05 -4.9379083158221649e+05 0.0000000000000000e+00
-1.3651425567703668e-03 6.4564073282705331e-03 0.0000000000000000e+00 2.0686635418089400e-01 -9.7836921022071455e-01 0.0000000000000000e+00 1.3659665302253102e-06 9.8460873475432780e-06 1 7.6755992556529839e+02 9.0319698368611662e-03 2.9600000000000000e+02 0.0000000000000000e+00 0.0000000000000000e+00 0.0000000000000000e+00 1.8278800576816405e-05 4.1006221300882748e+02 1.9950244347533124e+00 3.6056513584930050e-01 1.9564308500380494e+02 3.3155318872363885e+01 0.0000000000000000e+00 -4.6781759032129537e+05 -4.6781759032129537e+05 0.0000000000000000e+00
-1.1575031283246817e-03 6.4968451033382011e-03 0.0000000000000000e+00 1.7540179296438016e-01 -9.8449693296875262e-01 0.0000000000000000e+00 1.3745218527895084e-06 1.0180508561166294e-05 1 7.1431277266912059e+02 8.4054041931391921e-03 2.9600000000000000e+02 0.0000000000000000e+00 0.0000000000000000e+00 0.0000000000000000e+00 1.8278800576816405e-05 4.0838616019526000e+02 1.9118393536302314e+00 3.5366952263836943e-01 1.9005499285982020e+02 2.6476420503697128e+01 0.0000000000000000e+00 -4.4244443277920468e+05 -4.4244443277920468e+05 0.0000000000000000e+00
-9.4867428716902298e-04 6.5306069308843969e-03 0.0000000000000000e+00 1.4375699454868146e-01 -9.8961301856752604e-01 0.0000000000000000e+00 1.3816647612341911e-06 1.0521900533915963e-05 1 6.6482090956448201e+02 7.8230274954475543e-03 2.9600000000000000e+02 0.0000000000000000e+00 0.0000000000000000e+00 0.0000000000000000e+00 1.8278800576816405e-05 4.0661034570920475e+02 1.8310482076102832e+00 3.4633225467025286e-01 1.8396926686898027e+02 2.0318425009434268e+01 0.0000000000000000e+00 -4.1770461891205842e+05 -4.1770461891205842e+05 0.0000000000000000e+00
-7.3887061905422084e-04 6.5576581183490659e-03 0.0000000000000000e+00 1.1196447610331023e-01 -9.9371220989324238e-01 0.0000000000000000e+00 1.3873879157380572e-06 1.0869988232862300e-05 1 6.1887588495715295e+02 7.2823868723696662e-03 2.9600000000000000e+02 0.0000000000000000e+00 0.0000000000000000e+00 0.0000000000000000e+00 1.8278800576816405e-05 4.0475299607324968e+02 1.7528517973573750e+00 3.3869141956389603e-01 1.7756511985352276e+02 1.4655429624432010e+01 0.0000000000000000e+00 -3.9369493429772457e+05 -3.9369493429772457e+05 0.0000000000000000e+00
-5.2830771143170304e-04 6.5779708688084634e-03 0.0000000000000000e+00 8.0056906590088003e-02 -9.9679029474971603e-01 0.0000000000000000e+00 1.3916854353729879e-06 1.1224469857687000e-05 1 5.7571858611837195e+02 6.7745497532480624e-03 2.9600000000000000e+02 0.0000000000000000e+00 0.0000000000000000e+00 0.0000000000000000e+00 1.8278800576816405e-05 4.0284182314901409e+02 1.6758422402244506e+00 3.3051959944797549e-01 1.7078852290312582e+02 9.5579059202676859e+00 0.0000000000000000e+00 -3.7056460813070176e+05 -3.7056460813070176e+05 0.0000000000000000e+00
-3.1720193192281537e-04 6.5915243095383790e-03 0.0000000000000000e+00 4.8067073193623251e-02 -9.9884411019668073e-01 0.0000000000000000e+00 1.3945529041470437e-06 1.1585016104086370e-05 1 5.3817956287630534e+02 6.3328235578922164e-03 2.9600000000000000e+02 0.0000000000000000e+00 0.0000000000000000e+00 0.0000000000000000e+00 1.8278800576816405e-05 4.0088337624350680e+02 1.6090308933444535e+00 3.2287413061840248e-01 1.6384719591527966e+02 4.8756137941232112e+00 0.0000000000000000e+00 -3.4834200057488616e+05 -3.4834200057488616e+05 0.0000000000000000e+00
-1.0577020598646355e-04 6.5983045134622702e-03 0.0000000000000000e+00 1.6027847630178990e-02 -9.9987154579993109e-01 0.0000000000000000e+00 1.3959873755422397e-06 1.1951269473371836e-05 1 5.0103487674175824e+02 5.8957375746449530e-03 2.9600000000000000e+02 0.0000000000000000e+00 0.0000000000000000e+00 0.0000000000000000e+00 1.8278800576816405e-05 3.9797576081991616e+02 1.5341262822218211e+00 3.0911136542302720e-01 1.5163347411758053e+02 1.5948485345088663e+00 0.0000000000000000e+00 -3.2198555089986074e+05 -3.2198555089986074e+05 0.0000000000000000e+00
