200
0.000000000000 0.000000000000 0.000000000000
0.000000218072 0.000055253568 0.000000000000
0.000000872273 0.000110503694 0.000000000000
0.000001962564 0.000165746935 0.000000000000
0.000003488876 0.000220979848 0.000000000000
0.000005451114 0.000276198994 0.000000000000
0.000007849156 0.000331400930 0.000000000000
0.000010682852 0.000386582218 0.000000000000
0.000013952027 0.000441739419 0.000000000000
0.000017656475 0.000496869098 0.000000000000
0.000021795967 0.000551967818 0.000000000000
0.000026370244 0.000607032147 0.000000000000
0.000031379022 0.000662058655 0.000000000000
0.000036821988 0.000717043912 0.000000000000
0.000042698803 0.000771984492 0.000000000000
0.000049009102 0.000826876974 0.000000000000
0.000055752490 0.000881717935 0.000000000000
0.000062928548 0.000936503961 0.000000000000
0.000070536829 0.000991231636 0.000000000000
0.000078576858 0.001045897551 0.000000000000
0.000087048135 0.001100498301 0.000000000000
0.000095950132 0.001155030482 0.000000000000
0.000105282294 0.001209490698 0.000000000000
0.000115044039 0.001263875556 0.000000000000
0.000125234761 0.001318181665 0.000000000000
0.000135853822 0.001372405644 0.000000000000
0.000146900563 0.001426544114 0.000000000000
0.000158374295 0.001480593701 0.000000000000
0.000170274302 0.001534551038 0.000000000000
0.000182599843 0.001588412763 0.000000000000
0.000195350151 0.001642175520 0.000000000000
0.000208524431 0.001695835959 0.000000000000
0.000222121862 0.001749390737 0.000000000000
0.000236141597 0.001802836517 0.000000000000
0.000250582762 0.001856169969 0.000000000000
0.000265444458 0.001909387770 0.000000000000
0.000280725759 0.001962486605 0.000000000000
0.000296425712 0.002015463164 0.000000000000
0.000312543339 0.002068314147 0.000000000000
0.000329077637 0.002121036262 0.000000000000
0.000346027574 0.002173626223 0.000000000000
0.000363392095 0.002226080754 0.000000000000
0.000381170119 0.002278396586 0.000000000000
0.000399360536 0.002330570459 0.000000000000
0.000417962214 0.002382599124 0.000000000000
0.000436973994 0.002434479338 0.000000000000
0.000456394691 0.002486207868 0.000000000000
0.000476223096 0.002537781493 0.000000000000
0.000496457972 0.002589196998 0.000000000000
0.000517098060 0.002640451180 0.000000000000
0.000538142072 0.002691540845 0.000000000000
0.000559588699 0.002742462811 0.000000000000
0.000581436603 0.002793213904 0.000000000000
0.000603684423 0.002843790963 0.000000000000
0.000626330774 0.002894190836 0.000000000000
0.000649374243 0.002944410382 0.000000000000
0.000672813397 0.002994446474 0.000000000000
0.000696646773 0.003044295993 0.000000000000
0.000720872887 0.003093955834 0.000000000000
0.000745490230 0.003143422901 0.000000000000
0.000770497268 0.003192694114 0.000000000000
0.000795892442 0.003241766403 0.000000000000
0.000821674171 0.003290636709 0.000000000000
0.000847840848 0.003339301988 0.000000000000
0.000874390843 0.003387759208 0.000000000000
0.000901322501 0.003436005349 0.000000000000
0.000928634145 0.003484037406 0.000000000000
0.000956324072 0.003531852386 0.000000000000
0.000984390558 0.003579447309 0.000000000000
0.001012831854 0.003626819211 0.000000000000
0.001041646188 0.003673965139 0.000000000000
0.001070831764 0.003720882157 0.000000000000
0.001100386764 0.003767567340 0.000000000000
0.001130309346 0.003814017781 0.000000000000
0.001160597647 0.003860230584 0.000000000000
0.001191249779 0.003906202871 0.000000000000
0.001222263832 0.003951931778 0.000000000000
0.001253637874 0.003997414454 0.000000000000
0.001285369950 0.004042648067 0.000000000000
0.001317458083 0.004087629798 0.000000000000
0.001349900274 0.004132356844 0.000000000000
0.001382694501 0.004176826418 0.000000000000
0.001415838721 0.004221035750 0.000000000000
0.001449330868 0.004264982086 0.000000000000
0.001483168857 0.004308662686 0.000000000000
0.001517350579 0.004352074831 0.000000000000
0.001551873904 0.004395215813 0.000000000000
0.001586736681 0.004438082947 0.000000000000
0.001621936739 0.004480673560 0.000000000000
0.001657471882 0.004522985000 0.000000000000
0.001693339899 0.004565014630 0.000000000000
0.001729538553 0.004606759831 0.000000000000
0.001766065590 0.004648218002 0.000000000000
0.001802918733 0.004689386560 0.000000000000
0.001840095687 0.004730262940 0.000000000000
0.001877594135 0.004770844596 0.000000000000
0.001915411741 0.004811128998 0.000000000000
0.001953546148 0.004851113637 0.000000000000
0.001991994981 0.004890796022 0.000000000000
0.002030755843 0.004930173680 0.000000000000
0.002069826320 0.004969244157 0.000000000000
0.002109203978 0.005008005019 0.000000000000
0.002148886363 0.005046453852 0.000000000000
0.002188871002 0.005084588259 0.000000000000
0.002229155404 0.005122405865 0.000000000000
0.002269737060 0.005159904313 0.000000000000
0.002310613440 0.005197081267 0.000000000000
0.002351781998 0.005233934410 0.000000000000
0.002393240169 0.005270461447 0.000000000000
0.002434985370 0.005306660101 0.000000000000
0.002477015000 0.005342528118 0.000000000000
0.002519326440 0.005378063261 0.000000000000
0.002561917053 0.005413263319 0.000000000000
0.002604784187 0.005448126096 0.000000000000
0.002647925169 0.005482649421 0.000000000000
0.002691337314 0.005516831143 0.000000000000
0.002735017914 0.005550669132 0.000000000000
0.002778964250 0.005584161279 0.000000000000
0.002823173582 0.005617305499 0.000000000000
0.002867643156 0.005650099726 0.000000000000
0.002912370202 0.005682541917 0.000000000000
0.002957351933 0.005714630050 0.000000000000
0.003002585546 0.005746362126 0.000000000000
0.003048068222 0.005777736168 0.000000000000
0.003093797129 0.005808750221 0.000000000000
0.003139769416 0.005839402353 0.000000000000
0.003185982219 0.005869690654 0.000000000000
0.003232432660 0.005899613236 0.000000000000
0.003279117843 0.005929168236 0.000000000000
0.003326034861 0.005958353812 0.000000000000
0.003373180789 0.005987168146 0.000000000000
0.003420552691 0.006015609442 0.000000000000
0.003468147614 0.006043675928 0.000000000000
0.003515962594 0.006071365855 0.000000000000
0.003563994651 0.006098677499 0.000000000000
0.003612240792 0.006125609157 0.000000000000
0.003660698012 0.006152159152 0.000000000000
0.003709363291 0.006178325829 0.000000000000
0.003758233597 0.006204107558 0.000000000000
0.003807305886 0.006229502732 0.000000000000
0.003856577099 0.006254509770 0.000000000000
0.003906044166 0.006279127113 0.000000000000
0.003955704007 0.006303353227 0.000000000000
0.004005553526 0.006327186603 0.000000000000
0.004055589618 0.006350625757 0.000000000000
0.004105809164 0.006373669226 0.000000000000
0.004156209037 0.006396315577 0.000000000000
0.004206786096 0.006418563397 0.000000000000
0.004257537189 0.006440411301 0.000000000000
0.004308459155 0.006461857928 0.000000000000
0.004359548820 0.006482901940 0.000000000000
0.004410803002 0.006503542028 0.000000000000
0.004462218507 0.006523776904 0.000000000000
0.004513792132 0.006543605309 0.000000000000
0.004565520662 0.006563026006 0.000000000000
0.004617400876 0.006582037786 0.000000000000
0.004669429541 0.006600639464 0.000000000000
0.004721603414 0.006618829881 0.000000000000
0.004773919246 0.006636607905 0.000000000000
0.004826373777 0.006653972426 0.000000000000
0.004878963738 0.006670922363 0.000000000000
0.004931685853 0.006687456661 0.000000000000
0.004984536836 0.006703574288 0.000000000000
0.005037513395 0.006719274241 0.000000000000
0.005090612230 0.006734555542 0.000000000000
0.005143830031 0.006749417238 0.000000000000
0.005197163483 0.006763858403 0.000000000000
0.005250609263 0.006777878138 0.000000000000
0.005304164041 0.006791475569 0.000000000000
0.005357824480 0.006804649849 0.000000000000
0.005411587237 0.006817400157 0.000000000000
0.005465448962 0.006829725698 0.000000000000
0.005519406299 0.006841625705 0.000000000000
0.005573455886 0.006853099437 0.000000000000
0.005627594356 0.006864146178 0.000000000000
0.005681818335 0.006874765239 0.000000000000
0.005736124444 0.006884955961 0.000000000000
0.005790509302 0.006894717706 0.000000000000
0.005844969518 0.006904049868 0.000000000000
0.005899501699 0.006912951865 0.000000000000
0.005954102449 0.006921423142 0.000000000000
0.006008768364 0.006929463171 0.000000000000
0.006063496039 0.006937071452 0.000000000000
0.006118282065 0.006944247510 0.000000000000
0.006173123026 0.006950990898 0.000000000000
0.006228015508 0.006957301197 0.000000000000
0.006282956088 0.006963178012 0.000000000000
0.006337941345 0.006968620978 0.000000000000
0.006392967853 0.006973629756 0.000000000000
0.006448032182 0.006978204033 0.000000000000
0.006503130902 0.006982343525 0.000000000000
0.006558260581 0.006986047973 0.000000000000
0.006613417782 0.006989317148 0.000000000000
0.006668599070 0.006992150844 0.000000000000
0.006723801006 0.006994548886 0.000000000000
0.006779020152 0.006996511124 0.000000000000
0.006834253065 0.006998037436 0.000000000000
0.006889496306 0.006999127727 0.000000000000
0.006944746432 0.006999781928 0.000000000000
0.007000000000 0.007000000000 0.000000000000
