0.0001
175000
0
1000
0
350000
0
1
4
X
0.0000000000000000
1000.0000000000000000
0.0000000000000000
350000.0000000000000000
2.9925781293425791e+02 2.9774898468114725e+02 2.9832758410469603e+02 2.9815555850728111e+02 4.3697961832995583e+02 4.3425801836247882e+02 4.3527655022416940e+02 4.3497257879089449e+02 5.5002390458560660e+02 5.4376159564484487e+02 5.4623857470285486e+02 5.4550569055235644e+02 6.6080091350642408e+02 6.4899922016417668e+02 6.5332722152377471e+02 6.5203146292101781e+02 
1
2
3
Y
0.0000000000000000
500.0000000000000000
0.0000000000000000
350000.0000000000000000
2.9925781293425791e+02 2.9834354759898275e+02 2.9833535673533169e+02 2.9822850042889411e+02 4.3697961832995583e+02 4.3535054045381605e+02 4.3530046382202806e+02 4.3510957752601354e+02 5.5002390458560660e+02 5.4616861484251649e+02 5.4624129597689853e+02 5.4579204722862471e+02 6.6080091350642408e+02 6.5381203310880585e+02 6.5346361362146820e+02 6.5264453330853792e+02 
2
0
0
N
0.0000000000000000
500.0000000000000000
0.0000000000000000
175000.0000000000000000
2.9925781293425791e+02 2.9834354759898275e+02 2.9833535673533169e+02 2.9822850042889411e+02 3.6870810942765820e+02 3.6738849740113386e+02 3.6737605447227168e+02 3.6722182218880170e+02 4.3058332634839320e+02 4.2859166090165581e+02 4.2857728771390663e+02 4.2834453151593897e+02 4.9003198484658384e+02 4.8700051569698803e+02 4.8696008413675162e+02 4.8660574233382857e+02 
3
0
0
N
0.0000000000000000
500.0000000000000000
175000.0000000000000000
350000.0000000000000000
4.9003198484658384e+02 4.8700051569698803e+02 4.8696008413675162e+02 4.8660574233382857e+02 5.4932213746123989e+02 5.4526911323801801e+02 5.4519672993932841e+02 5.4472278610046703e+02 6.0581787402978136e+02 6.0032015262693483e+02 6.0020625906243299e+02 5.9956381560200032e+02 6.6080091350642408e+02 6.5381203310880585e+02 6.5346361362146820e+02 6.5264453330853792e+02 
4
5
6
Y
500.0000000000000000
1000.0000000000000000
0.0000000000000000
350000.0000000000000000
2.9822850042889411e+02 2.9816373285700769e+02 2.9816314035220250e+02 2.9815555850728111e+02 4.3510957752601354e+02 4.3498809570277558e+02 4.3498676901495202e+02 4.3497257879089449e+02 5.4579204722862471e+02 5.4553725073942701e+02 5.4553547034221651e+02 5.4550569055235644e+02 6.5264453330853792e+02 6.5210143013993491e+02 6.5209495084606385e+02 6.5203146292101781e+02 
5
0
0
N
500.0000000000000000
1000.0000000000000000
0.0000000000000000
175000.0000000000000000
2.9822850042889411e+02 2.9816373285700769e+02 2.9816314035220250e+02 2.9815555850728111e+02 3.6722182218880170e+02 3.6712824273390305e+02 3.6712736620111929e+02 3.6711643864089069e+02 4.2834453151593897e+02 4.2820402439954495e+02 4.2820274198640249e+02 4.2818631587279060e+02 4.8660574233382857e+02 4.8638880797636261e+02 4.8638673531258269e+02 4.8636137986975365e+02 
6
0
0
N
500.0000000000000000
1000.0000000000000000
175000.0000000000000000
350000.0000000000000000
4.8660574233382857e+02 4.8638880797636261e+02 4.8638673531258269e+02 4.8636137986975365e+02 5.4472278610046703e+02 5.4442963927677692e+02 5.4442674277532615e+02 5.4439247882940890e+02 5.9956381560200032e+02 5.9916386529902002e+02 5.9915987644439542e+02 5.9911312890285251e+02 6.5264453330853792e+02 6.5210143013993491e+02 6.5209495084606385e+02 6.5203146292101781e+02 