# eta f fd fdd g gd y p T rho u
0.000000 0.000000 0.000000 0.410812 0.881834 2.125909 0.000000 3531.500000 300.000000 0.041002 0.000000
0.010020 0.000021 0.004128 0.413088 0.903113 2.121196 0.000003 3531.500000 307.238882 0.040036 8.908525
0.020040 0.000083 0.008278 0.415363 0.924342 2.116199 0.000006 3531.500000 314.461217 0.039116 17.866268
0.030060 0.000187 0.012452 0.417634 0.945520 2.110908 0.000009 3531.500000 321.666019 0.038240 26.873162
0.040080 0.000332 0.016648 0.419900 0.966644 2.105316 0.000012 3531.500000 328.852275 0.037405 35.929110
0.050100 0.000520 0.020866 0.422158 0.987710 2.099414 0.000015 3531.500000 336.018942 0.036607 45.033979
0.060120 0.000751 0.025108 0.424409 1.008715 2.093197 0.000018 3531.500000 343.164957 0.035845 54.187610
0.070140 0.001024 0.029372 0.426651 1.029657 2.086659 0.000022 3531.500000 350.289234 0.035116 63.389817
0.080160 0.001339 0.033658 0.428882 1.050531 2.079794 0.000025 3531.500000 357.390668 0.034418 72.640385
0.090180 0.001698 0.037966 0.431101 1.071335 2.072598 0.000028 3531.500000 364.468137 0.033749 81.939076
0.100200 0.002100 0.042297 0.433308 1.092065 2.065066 0.000032 3531.500000 371.520504 0.033109 91.285631
0.110220 0.002546 0.046650 0.435501 1.112718 2.057195 0.000035 3531.500000 378.546620 0.032494 100.679765
0.120240 0.003035 0.051025 0.437680 1.133290 2.048981 0.000039 3531.500000 385.545321 0.031904 110.121174
0.130261 0.003568 0.055421 0.439843 1.153778 2.040422 0.000043 3531.500000 392.515434 0.031338 119.609534
0.140281 0.004146 0.059839 0.441990 1.174179 2.031515 0.000047 3531.500000 399.455778 0.030793 129.144500
0.150301 0.004768 0.064278 0.444120 1.194489 2.022258 0.000050 3531.500000 406.365163 0.030270 138.725710
0.160321 0.005434 0.068739 0.446232 1.214704 2.012648 0.000054 3531.500000 413.242393 0.029766 148.352782
0.170341 0.006145 0.073221 0.448325 1.234821 2.002686 0.000058 3531.500000 420.086264 0.029281 158.025319
0.180361 0.006902 0.077724 0.450398 1.254837 1.992369 0.000062 3531.500000 426.895571 0.028814 167.742904
0.190381 0.007703 0.082247 0.452451 1.274748 1.981697 0.000066 3531.500000 433.669105 0.028364 177.505105
0.200401 0.008550 0.086791 0.454483 1.294549 1.970668 0.000071 3531.500000 440.405651 0.027930 187.311474
0.210421 0.009442 0.091355 0.456493 1.314239 1.959284 0.000075 3531.500000 447.103997 0.027512 197.161547
0.220441 0.010381 0.095939 0.458480 1.333812 1.947543 0.000079 3531.500000 453.762929 0.027108 207.054842
0.230461 0.011365 0.100543 0.460444 1.353266 1.935446 0.000083 3531.500000 460.381231 0.026718 216.990866
0.240481 0.012396 0.105166 0.462384 1.372598 1.922994 0.000088 3531.500000 466.957690 0.026342 226.969109
0.250501 0.013473 0.109809 0.464300 1.391802 1.910186 0.000092 3531.500000 473.491096 0.025979 236.989044
0.260521 0.014596 0.114470 0.466190 1.410877 1.897024 0.000097 3531.500000 479.980239 0.025627 247.050133
0.270541 0.015767 0.119151 0.468055 1.429818 1.883510 0.000101 3531.500000 486.423915 0.025288 257.151822
0.280561 0.016984 0.123850 0.469893 1.448621 1.869643 0.000106 3531.500000 492.820922 0.024960 267.293544
0.290581 0.018249 0.128568 0.471703 1.467284 1.855427 0.000111 3531.500000 499.170064 0.024642 277.474715
0.300601 0.019561 0.133303 0.473486 1.485803 1.840863 0.000116 3531.500000 505.470152 0.024335 287.694742
0.310621 0.020920 0.138056 0.475240 1.504174 1.825952 0.000120 3531.500000 511.720000 0.024038 297.953013
0.320641 0.022327 0.142827 0.476965 1.522394 1.810696 0.000125 3531.500000 517.918433 0.023750 308.248906
0.330661 0.023782 0.147615 0.478661 1.540459 1.795100 0.000130 3531.500000 524.064280 0.023472 318.581785
0.340681 0.025286 0.152419 0.480326 1.558367 1.779164 0.000135 3531.500000 530.156382 0.023202 328.950999
0.350701 0.026837 0.157240 0.481960 1.576113 1.762891 0.000140 3531.500000 536.193586 0.022941 339.355886
0.360721 0.028437 0.162078 0.483562 1.593694 1.746285 0.000145 3531.500000 542.174752 0.022688 349.795770
0.370741 0.030085 0.166931 0.485132 1.611107 1.729349 0.000151 3531.500000 548.098747 0.022442 360.269960
0.380762 0.031782 0.171800 0.486670 1.628349 1.712086 0.000156 3531.500000 553.964452 0.022205 370.777756
0.390782 0.033528 0.176684 0.488174 1.645417 1.694500 0.000161 3531.500000 559.770759 0.021974 381.318442
0.400802 0.035323 0.181582 0.489644 1.662306 1.676594 0.000166 3531.500000 565.516571 0.021751 391.891290
0.410822 0.037167 0.186496 0.491080 1.679015 1.658372 0.000172 3531.500000 571.200806 0.021535 402.495561
0.420842 0.039060 0.191424 0.492481 1.695539 1.639839 0.000177 3531.500000 576.822395 0.021325 413.130501
0.430862 0.041003 0.196365 0.493846 1.711876 1.620999 0.000183 3531.500000 582.380282 0.021121 423.795345
0.440882 0.042996 0.201320 0.495174 1.728023 1.601856 0.000188 3531.500000 587.873429 0.020924 434.489316
0.450902 0.045038 0.206288 0.496466 1.743977 1.582414 0.000194 3531.500000 593.300810 0.020732 445.211623
0.460922 0.047130 0.211269 0.497721 1.759734 1.562680 0.000200 3531.500000 598.661418 0.020547 455.961466
0.470942 0.049272 0.216263 0.498938 1.775292 1.542657 0.000205 3531.500000 603.954262 0.020367 466.738030
0.480962 0.051464 0.221268 0.500116 1.790648 1.522351 0.000211 3531.500000 609.178367 0.020192 477.540490
0.490982 0.053706 0.226285 0.501255 1.805799 1.501767 0.000217 3531.500000 614.332778 0.020023 488.368009
0.501002 0.055998 0.231313 0.502355 1.820742 1.480911 0.000223 3531.500000 619.416558 0.019858 499.219737
0.511022 0.058341 0.236352 0.503414 1.835476 1.459789 0.000229 3531.500000 624.428788 0.019699 510.094816
0.521042 0.060735 0.241401 0.504434 1.849996 1.438406 0.000235 3531.500000 629.368570 0.019544 520.992372
0.531062 0.063179 0.246461 0.505412 1.864300 1.416769 0.000241 3531.500000 634.235026 0.019394 531.911524
0.541082 0.065674 0.251530 0.506348 1.878387 1.394883 0.000247 3531.500000 639.027299 0.019249 542.851378
0.551102 0.068220 0.256608 0.507243 1.892253 1.372755 0.000253 3531.500000 643.744554 0.019108 553.811030
0.561122 0.070817 0.261695 0.508094 1.905896 1.350392 0.000259 3531.500000 648.385977 0.018971 564.789565
0.571142 0.073464 0.266790 0.508903 1.919314 1.327800 0.000265 3531.500000 652.950776 0.018838 575.786058
0.581162 0.076163 0.271893 0.509669 1.932505 1.304987 0.000271 3531.500000 657.438184 0.018710 586.799574
0.591182 0.078913 0.277004 0.510390 1.945466 1.281958 0.000278 3531.500000 661.847456 0.018585 597.829167
0.601202 0.081714 0.282121 0.511067 1.958195 1.258722 0.000284 3531.500000 666.177872 0.018464 608.873882
0.611222 0.084567 0.287245 0.511699 1.970690 1.235285 0.000290 3531.500000 670.428736 0.018347 619.932755
0.621242 0.087471 0.292376 0.512286 1.982949 1.211656 0.000297 3531.500000 674.599378 0.018234 631.004811
0.631263 0.090426 0.297511 0.512828 1.994971 1.187840 0.000303 3531.500000 678.689151 0.018124 642.089068
0.641283 0.093433 0.302652 0.513323 2.006753 1.163847 0.000310 3531.500000 682.697438 0.018018 653.184533
0.651303 0.096491 0.307798 0.513772 2.018294 1.139684 0.000316 3531.500000 686.623644 0.017915 664.290208
0.661323 0.099601 0.312948 0.514174 2.029592 1.115359 0.000323 3531.500000 690.467205 0.017815 675.405082
0.671343 0.102763 0.318102 0.514529 2.040645 1.090880 0.000329 3531.500000 694.227581 0.017718 686.528140
0.681363 0.105976 0.323259 0.514836 2.051453 1.066255 0.000336 3531.500000 697.904261 0.017625 697.658358
0.691383 0.109241 0.328419 0.515095 2.062013 1.041493 0.000343 3531.500000 701.496764 0.017535 708.794703
0.701403 0.112558 0.333582 0.515306 2.072324 1.016601 0.000349 3531.500000 705.004633 0.017448 719.936137
0.711423 0.115926 0.338746 0.515469 2.082385 0.991589 0.000356 3531.500000 708.427444 0.017363 731.081615
0.721443 0.119346 0.343912 0.515583 2.092195 0.966465 0.000363 3531.500000 711.764799 0.017282 742.230085
0.731463 0.122818 0.349078 0.515648 2.101753 0.941237 0.000369 3531.500000 715.016333 0.017203 753.380488
0.741483 0.126342 0.354245 0.515664 2.111057 0.915915 0.000376 3531.500000 718.181706 0.017127 764.531762
0.751503 0.129917 0.359412 0.515630 2.120108 0.890507 0.000383 3531.500000 721.260611 0.017054 775.682837
0.761523 0.133544 0.364578 0.515546 2.128903 0.865022 0.000390 3531.500000 724.252772 0.016984 786.832639
0.771543 0.137223 0.369743 0.515412 2.137443 0.839470 0.000397 3531.500000 727.157941 0.016916 797.980089
0.781563 0.140954 0.374907 0.515228 2.145726 0.813858 0.000404 3531.500000 729.975902 0.016851 809.124104
0.791583 0.144736 0.380068 0.514994 2.153752 0.788196 0.000411 3531.500000 732.706470 0.016788 820.263597
0.801603 0.148571 0.385227 0.514709 2.161521 0.762494 0.000418 3531.500000 735.349490 0.016728 831.397477
0.811623 0.152456 0.390383 0.514374 2.169032 0.736760 0.000425 3531.500000 737.904839 0.016670 842.524652
0.821643 0.156394 0.395535 0.513987 2.176286 0.711004 0.000432 3531.500000 740.372425 0.016614 853.644024
0.831663 0.160383 0.400683 0.513550 2.183281 0.685234 0.000439 3531.500000 742.752188 0.016561 864.754495
0.841683 0.164424 0.405827 0.513062 2.190018 0.659461 0.000446 3531.500000 745.044099 0.016510 875.854964
0.851703 0.168516 0.410965 0.512523 2.196497 0.633693 0.000453 3531.500000 747.248159 0.016461 886.944330
0.861723 0.172659 0.416097 0.511933 2.202717 0.607940 0.000460 3531.500000 749.364403 0.016415 898.021490
0.871743 0.176854 0.421224 0.511292 2.208680 0.582210 0.000467 3531.500000 751.392896 0.016370 909.085340
0.881764 0.181101 0.426344 0.510600 2.214385 0.556513 0.000474 3531.500000 753.333736 0.016328 920.134776
0.891784 0.185398 0.431456 0.509857 2.219833 0.530859 0.000482 3531.500000 755.187050 0.016288 931.168696
0.901804 0.189747 0.436561 0.509063 2.225024 0.505256 0.000489 3531.500000 756.952998 0.016250 942.185996
0.911824 0.194147 0.441658 0.508218 2.229958 0.479714 0.000496 3531.500000 758.631772 0.016214 953.185575
0.921844 0.198598 0.446746 0.507323 2.234637 0.454242 0.000503 3531.500000 760.223593 0.016180 964.166334
0.931864 0.203100 0.451824 0.506376 2.239061 0.428848 0.000510 3531.500000 761.728715 0.016148 975.127174
0.941884 0.207652 0.456893 0.505379 2.243232 0.403542 0.000518 3531.500000 763.147422 0.016118 986.067001
0.951904 0.212256 0.461952 0.504332 2.247149 0.378333 0.000525 3531.500000 764.480027 0.016090 996.984723
0.961924 0.216910 0.467000 0.503234 2.250814 0.353229 0.000532 3531.500000 765.726878 0.016064 1007.879251
0.971944 0.221615 0.472037 0.502087 2.254228 0.328240 0.000539 3531.500000 766.888347 0.016040 1018.749501
0.981964 0.226370 0.477062 0.500889 2.257392 0.303375 0.000547 3531.500000 767.964841 0.016017 1029.594392
0.991984 0.231175 0.482074 0.499642 2.260308 0.278641 0.000554 3531.500000 768.956794 0.015996 1040.412850
1.002004 0.236030 0.487074 0.498346 2.262977 0.254047 0.000561 3531.500000 769.864671 0.015978 1051.203805
1.012024 0.240936 0.492061 0.497000 2.265400 0.229602 0.000569 3531.500000 770.688963 0.015961 1061.966192
1.022044 0.245891 0.497034 0.495606 2.267578 0.205314 0.000576 3531.500000 771.430192 0.015945 1072.698954
1.032064 0.250896 0.501993 0.494163 2.269515 0.181192 0.000583 3531.500000 772.088908 0.015932 1083.401040
1.042084 0.255951 0.506937 0.492672 2.271210 0.157243 0.000591 3531.500000 772.665688 0.015920 1094.071407
1.052104 0.261055 0.511866 0.491134 2.272666 0.133475 0.000598 3531.500000 773.161136 0.015909 1104.709017
1.062124 0.266209 0.516779 0.489548 2.273886 0.109896 0.000605 3531.500000 773.575884 0.015901 1115.312844
1.072144 0.271412 0.521676 0.487915 2.274869 0.086514 0.000613 3531.500000 773.910590 0.015894 1125.881867
1.082164 0.276663 0.526557 0.486236 2.275620 0.063336 0.000620 3531.500000 774.165936 0.015889 1136.415076
1.092184 0.281964 0.531420 0.484510 2.276139 0.040370 0.000627 3531.500000 774.342633 0.015885 1146.911470
1.102204 0.287313 0.536266 0.482739 2.276430 0.017623 0.000635 3531.500000 774.441413 0.015883 1157.370058
1.112224 0.292711 0.541094 0.480923 2.276493 -0.004899 0.000642 3531.500000 774.463035 0.015883 1167.789859
1.122244 0.298157 0.545904 0.479062 2.276332 -0.027188 0.000650 3531.500000 774.408279 0.015884 1178.169903
1.132265 0.303651 0.550695 0.477158 2.275949 -0.049237 0.000657 3531.500000 774.277952 0.015887 1188.509231
1.142285 0.309192 0.555466 0.475209 2.275346 -0.071040 0.000664 3531.500000 774.072879 0.015891 1198.806894
1.152305 0.314782 0.560218 0.473218 2.274526 -0.092592 0.000672 3531.500000 773.793910 0.015896 1209.061958
1.162325 0.320419 0.564949 0.471184 2.273492 -0.113885 0.000679 3531.500000 773.441915 0.015904 1219.273499
1.172345 0.326104 0.569660 0.469109 2.272245 -0.134914 0.000686 3531.500000 773.017784 0.015912 1229.440606
1.182365 0.331835 0.574350 0.466992 2.270789 -0.155673 0.000694 3531.500000 772.522429 0.015923 1239.562381
1.192385 0.337614 0.579019 0.464834 2.269126 -0.176156 0.000701 3531.500000 771.956778 0.015934 1249.637941
1.202405 0.343439 0.583665 0.462637 2.267260 -0.196359 0.000708 3531.500000 771.321779 0.015947 1259.666415
1.212425 0.349310 0.588290 0.460401 2.265192 -0.216276 0.000716 3531.500000 770.618399 0.015962 1269.646947
1.222445 0.355228 0.592892 0.458125 2.262927 -0.235902 0.000723 3531.500000 769.847621 0.015978 1279.578694
1.232465 0.361192 0.597470 0.455812 2.260466 -0.255232 0.000730 3531.500000 769.010443 0.015995 1289.460830
1.242485 0.367201 0.602026 0.453462 2.257813 -0.274263 0.000738 3531.500000 768.107882 0.016014 1299.292541
1.252505 0.373256 0.606558 0.451075 2.254971 -0.292989 0.000745 3531.500000 767.140965 0.016034 1309.073033
1.262525 0.379357 0.611065 0.448653 2.251942 -0.311407 0.000752 3531.500000 766.110738 0.016056 1318.801523
1.272545 0.385502 0.615549 0.446195 2.248731 -0.329514 0.000759 3531.500000 765.018257 0.016079 1328.477246
1.282565 0.391692 0.620007 0.443704 2.245340 -0.347304 0.000767 3531.500000 763.864593 0.016103 1338.099454
1.292585 0.397927 0.624440 0.441178 2.241772 -0.364776 0.000774 3531.500000 762.650827 0.016129 1347.667413
1.302605 0.404206 0.628848 0.438621 2.238031 -0.381925 0.000781 3531.500000 761.378052 0.016156 1357.180409
1.312625 0.410529 0.633230 0.436031 2.234119 -0.398749 0.000788 3531.500000 760.047371 0.016184 1366.637742
1.322645 0.416896 0.637586 0.433410 2.230041 -0.415246 0.000796 3531.500000 758.659896 0.016214 1376.038730
1.332665 0.423306 0.641916 0.430758 2.225799 -0.431412 0.000803 3531.500000 757.216750 0.016244 1385.382709
1.342685 0.429760 0.646219 0.428078 2.221396 -0.447246 0.000810 3531.500000 755.719061 0.016277 1394.669032
1.352705 0.436256 0.650494 0.425368 2.216837 -0.462746 0.000817 3531.500000 754.167967 0.016310 1403.897070
1.362725 0.442796 0.654743 0.422631 2.212124 -0.477909 0.000824 3531.500000 752.564611 0.016345 1413.066212
1.372745 0.449377 0.658964 0.419866 2.207261 -0.492734 0.000832 3531.500000 750.910142 0.016381 1422.175863
1.382766 0.456001 0.663157 0.417076 2.202251 -0.507220 0.000839 3531.500000 749.205714 0.016418 1431.225449
1.392786 0.462667 0.667322 0.414260 2.197097 -0.521366 0.000846 3531.500000 747.452485 0.016457 1440.214412
1.402806 0.469374 0.671459 0.411419 2.191804 -0.535170 0.000853 3531.500000 745.651619 0.016496 1449.142215
1.412826 0.476123 0.675567 0.408555 2.186374 -0.548632 0.000860 3531.500000 743.804279 0.016537 1458.008336
1.422846 0.482913 0.679646 0.405669 2.180810 -0.561752 0.000867 3531.500000 741.911632 0.016580 1466.812275
1.432866 0.489743 0.683696 0.402760 2.175117 -0.574529 0.000874 3531.500000 739.974847 0.016623 1475.553547
1.442886 0.496614 0.687717 0.399830 2.169298 -0.586963 0.000881 3531.500000 737.995093 0.016668 1484.231690
1.452906 0.503525 0.691709 0.396880 2.163355 -0.599054 0.000888 3531.500000 735.973538 0.016713 1492.846256
1.462926 0.510476 0.695671 0.393911 2.157294 -0.610802 0.000895 3531.500000 733.911351 0.016760 1501.396820
1.472946 0.517466 0.699603 0.390923 2.151116 -0.622209 0.000902 3531.500000 731.809699 0.016808 1509.882973
1.482966 0.524496 0.703505 0.387918 2.144826 -0.633274 0.000909 3531.500000 729.669746 0.016858 1518.304326
1.492986 0.531564 0.707377 0.384896 2.138426 -0.643998 0.000916 3531.500000 727.492656 0.016908 1526.660507
1.503006 0.538671 0.711218 0.381858 2.131921 -0.654384 0.000923 3531.500000 725.279586 0.016960 1534.951166
1.513026 0.545817 0.715029 0.378806 2.125314 -0.664431 0.000930 3531.500000 723.031691 0.017013 1543.175968
1.523046 0.553001 0.718809 0.375739 2.118607 -0.674141 0.000937 3531.500000 720.750123 0.017066 1551.334600
1.533066 0.560222 0.722559 0.372659 2.111805 -0.683516 0.000943 3531.500000 718.436025 0.017121 1559.426765
1.543086 0.567481 0.726278 0.369566 2.104910 -0.692558 0.000950 3531.500000 716.090539 0.017177 1567.452186
1.553106 0.574776 0.729965 0.366462 2.097927 -0.701268 0.000957 3531.500000 713.714796 0.017235 1575.410603
1.563126 0.582109 0.733621 0.363347 2.090858 -0.709649 0.000964 3531.500000 711.309924 0.017293 1583.301777
1.573146 0.589478 0.737247 0.360223 2.083707 -0.717703 0.000971 3531.500000 708.877041 0.017352 1591.125484
1.583166 0.596883 0.740840 0.357089 2.076476 -0.725432 0.000977 3531.500000 706.417258 0.017413 1598.881521
1.593186 0.604325 0.744403 0.353947 2.069170 -0.732838 0.000984 3531.500000 703.931679 0.017474 1606.569701
1.603206 0.611801 0.747933 0.350798 2.061791 -0.739925 0.000991 3531.500000 701.421398 0.017537 1614.189856
1.613226 0.619313 0.751433 0.347642 2.054343 -0.746696 0.000997 3531.500000 698.887498 0.017600 1621.741835
1.623246 0.626860 0.754900 0.344480 2.046828 -0.753152 0.001004 3531.500000 696.331055 0.017665 1629.225506
1.633267 0.634441 0.758336 0.341314 2.039251 -0.759298 0.001011 3531.500000 693.753133 0.017731 1636.640752
1.643287 0.642057 0.761740 0.338143 2.031613 -0.765136 0.001017 3531.500000 691.154786 0.017797 1643.987475
1.653307 0.649707 0.765112 0.334969 2.023918 -0.770670 0.001024 3531.500000 688.537058 0.017865 1651.265594
1.663327 0.657390 0.768453 0.331793 2.016170 -0.775903 0.001030 3531.500000 685.900980 0.017933 1658.475044
1.673347 0.665106 0.771762 0.328614 2.008370 -0.780839 0.001037 3531.500000 683.247571 0.018003 1665.615779
1.683367 0.672856 0.775038 0.325435 2.000523 -0.785481 0.001043 3531.500000 680.577839 0.018074 1672.687766
1.693387 0.680638 0.778283 0.322255 1.992630 -0.789832 0.001050 3531.500000 677.892779 0.018145 1679.690991
1.703407 0.688453 0.781496 0.319075 1.984695 -0.793898 0.001056 3531.500000 675.193375 0.018218 1686.625454
1.713427 0.696299 0.784678 0.315897 1.976721 -0.797681 0.001062 3531.500000 672.480595 0.018291 1693.491174
1.723447 0.704177 0.787827 0.312721 1.968711 -0.801185 0.001069 3531.500000 669.755395 0.018366 1700.288182
1.733467 0.712087 0.790945 0.309547 1.960666 -0.804415 0.001075 3531.500000 667.018718 0.018441 1707.016526
1.743487 0.720028 0.794030 0.306377 1.952591 -0.807375 0.001082 3531.500000 664.271493 0.018517 1713.676270
1.753507 0.727999 0.797084 0.303210 1.944487 -0.810068 0.001088 3531.500000 661.514634 0.018595 1720.267492
1.763527 0.736001 0.800107 0.300048 1.936358 -0.812499 0.001094 3531.500000 658.749042 0.018673 1726.790284
1.773547 0.744034 0.803097 0.296891 1.928206 -0.814673 0.001100 3531.500000 655.975602 0.018752 1733.244753
1.783567 0.752095 0.806056 0.293740 1.920033 -0.816593 0.001107 3531.500000 653.195186 0.018831 1739.631021
1.793587 0.760187 0.808984 0.290596 1.911842 -0.818264 0.001113 3531.500000 650.408650 0.018912 1745.949222
1.803607 0.768307 0.811880 0.287459 1.903636 -0.819691 0.001119 3531.500000 647.616836 0.018994 1752.199506
1.813627 0.776457 0.814745 0.284330 1.895416 -0.820877 0.001125 3531.500000 644.820571 0.019076 1758.382034
1.823647 0.784635 0.817578 0.281209 1.887186 -0.821827 0.001131 3531.500000 642.020665 0.019159 1764.496981
1.833667 0.792841 0.820380 0.278097 1.878947 -0.822546 0.001137 3531.500000 639.217915 0.019243 1770.544535
1.843687 0.801075 0.823151 0.274995 1.870703 -0.823039 0.001143 3531.500000 636.413101 0.019328 1776.524896
1.853707 0.809337 0.825891 0.271903 1.862454 -0.823309 0.001149 3531.500000 633.606989 0.019414 1782.438277
1.863727 0.817626 0.828600 0.268821 1.854204 -0.823362 0.001155 3531.500000 630.800328 0.019500 1788.284902
1.873747 0.825942 0.831278 0.265751 1.845955 -0.823201 0.001161 3531.500000 627.993852 0.019587 1794.065008
1.883768 0.834285 0.833926 0.262692 1.837708 -0.822832 0.001167 3531.500000 625.188281 0.019675 1799.778841
1.893788 0.842654 0.836543 0.259646 1.829466 -0.822259 0.001173 3531.500000 622.384317 0.019764 1805.426661
1.903808 0.851049 0.839129 0.256612 1.821231 -0.821486 0.001179 3531.500000 619.582647 0.019853 1811.008736
1.913828 0.859470 0.841685 0.253591 1.813004 -0.820519 0.001185 3531.500000 616.783944 0.019943 1816.525347
1.923848 0.867917 0.844211 0.250584 1.804788 -0.819362 0.001191 3531.500000 613.988863 0.020034 1821.976784
1.933868 0.876388 0.846707 0.247591 1.796584 -0.818019 0.001197 3531.500000 611.198045 0.020125 1827.363346
1.943888 0.884885 0.849173 0.244613 1.788395 -0.816494 0.001203 3531.500000 608.412116 0.020218 1832.685343
1.953908 0.893405 0.851609 0.241650 1.780222 -0.814793 0.001208 3531.500000 605.631685 0.020310 1837.943095
1.963928 0.901951 0.854016 0.238702 1.772067 -0.812920 0.001214 3531.500000 602.857347 0.020404 1843.136930
1.973948 0.910520 0.856393 0.235770 1.763932 -0.810880 0.001220 3531.500000 600.089680 0.020498 1848.267184
1.983968 0.919113 0.858741 0.232854 1.755818 -0.808676 0.001225 3531.500000 597.329249 0.020593 1853.334203
1.993988 0.927729 0.861059 0.229954 1.747727 -0.806314 0.001231 3531.500000 594.576602 0.020688 1858.338340
2.004008 0.936368 0.863349 0.227072 1.739660 -0.803797 0.001237 3531.500000 591.832273 0.020784 1863.279957
2.014028 0.945031 0.865610 0.224206 1.731619 -0.801130 0.001242 3531.500000 589.096780 0.020880 1868.159424
2.024048 0.953715 0.867842 0.221359 1.723606 -0.798317 0.001248 3531.500000 586.370627 0.020978 1872.977117
2.034068 0.962422 0.870046 0.218529 1.715621 -0.795364 0.001254 3531.500000 583.654303 0.021075 1877.733420
2.044088 0.971151 0.872222 0.215717 1.707667 -0.792273 0.001259 3531.500000 580.948283 0.021173 1882.428724
2.054108 0.979901 0.874369 0.212924 1.699744 -0.789049 0.001265 3531.500000 578.253026 0.021272 1887.063426
2.064128 0.988673 0.876489 0.210150 1.691855 -0.785697 0.001270 3531.500000 575.568979 0.021371 1891.637930
2.074148 0.997466 0.878581 0.207395 1.683999 -0.782220 0.001275 3531.500000 572.896573 0.021471 1896.152645
2.084168 1.006280 0.880645 0.204659 1.676179 -0.778623 0.001281 3531.500000 570.236225 0.021571 1900.607987
2.094188 1.015114 0.882682 0.201942 1.668396 -0.774909 0.001286 3531.500000 567.588340 0.021672 1905.004376
2.104208 1.023969 0.884692 0.199246 1.660651 -0.771083 0.001292 3531.500000 564.953307 0.021773 1909.342240
2.114228 1.032844 0.886675 0.196570 1.652944 -0.767148 0.001297 3531.500000 562.331502 0.021874 1913.622010
2.124248 1.041738 0.888631 0.193914 1.645277 -0.763109 0.001302 3531.500000 559.723290 0.021976 1917.844122
2.134269 1.050652 0.890561 0.191278 1.637651 -0.758969 0.001308 3531.500000 557.129019 0.022079 1922.009016
2.144289 1.059585 0.892465 0.188663 1.630068 -0.754732 0.001313 3531.500000 554.549027 0.022181 1926.117138
2.154309 1.068537 0.894342 0.186069 1.622527 -0.750402 0.001318 3531.500000 551.983639 0.022284 1930.168937
2.164329 1.077507 0.896194 0.183496 1.615030 -0.745982 0.001323 3531.500000 549.433164 0.022388 1934.164865
2.174349 1.086496 0.898019 0.180944 1.607578 -0.741476 0.001329 3531.500000 546.897904 0.022492 1938.105380
2.184369 1.095504 0.899820 0.178414 1.600171 -0.736888 0.001334 3531.500000 544.378144 0.022596 1941.990942
2.194389 1.104529 0.901595 0.175905 1.592811 -0.732221 0.001339 3531.500000 541.874160 0.022700 1945.822013
2.204409 1.113572 0.903345 0.173417 1.585497 -0.727479 0.001344 3531.500000 539.386214 0.022805 1949.599060
2.214429 1.122632 0.905070 0.170952 1.578232 -0.722664 0.001349 3531.500000 536.914557 0.022910 1953.322552
2.224449 1.131709 0.906771 0.168508 1.571015 -0.717781 0.001354 3531.500000 534.459431 0.023015 1956.992960
2.234469 1.140803 0.908447 0.166086 1.563848 -0.712832 0.001359 3531.500000 532.021063 0.023120 1960.610757
2.244489 1.149914 0.910099 0.163686 1.556730 -0.707822 0.001364 3531.500000 529.599671 0.023226 1964.176421
2.254509 1.159042 0.911728 0.161309 1.549663 -0.702752 0.001370 3531.500000 527.195461 0.023332 1967.690427
2.264529 1.168185 0.913332 0.158953 1.542647 -0.697626 0.001375 3531.500000 524.808630 0.023438 1971.153257
2.274549 1.177345 0.914913 0.156620 1.535683 -0.692447 0.001379 3531.500000 522.439364 0.023545 1974.565392
2.284569 1.186520 0.916471 0.154309 1.528771 -0.687218 0.001384 3531.500000 520.087838 0.023651 1977.927313
2.294589 1.195711 0.918006 0.152021 1.521911 -0.681942 0.001389 3531.500000 517.754217 0.023758 1981.239504
2.304609 1.204917 0.919517 0.149755 1.515105 -0.676622 0.001394 3531.500000 515.438658 0.023864 1984.502450
2.314629 1.214138 0.921007 0.147511 1.508352 -0.671260 0.001399 3531.500000 513.141305 0.023971 1987.716637
2.324649 1.223374 0.922474 0.145290 1.501653 -0.665860 0.001404 3531.500000 510.862296 0.024078 1990.882551
2.334669 1.232625 0.923918 0.143092 1.495008 -0.660423 0.001409 3531.500000 508.601757 0.024185 1994.000678
2.344689 1.241889 0.925341 0.140916 1.488418 -0.654954 0.001414 3531.500000 506.359808 0.024292 1997.071505
2.354709 1.251168 0.926742 0.138762 1.481883 -0.649453 0.001419 3531.500000 504.136558 0.024399 2000.095520
2.364729 1.260461 0.928122 0.136631 1.475403 -0.643924 0.001423 3531.500000 501.932107 0.024506 2003.073210
2.374749 1.269768 0.929481 0.134523 1.468979 -0.638369 0.001428 3531.500000 499.746549 0.024614 2006.005062
2.384770 1.279088 0.930818 0.132437 1.462610 -0.632791 0.001433 3531.500000 497.579967 0.024721 2008.891563
2.394790 1.288422 0.932135 0.130374 1.456298 -0.627191 0.001438 3531.500000 495.432438 0.024828 2011.733199
2.404810 1.297768 0.933431 0.128333 1.450041 -0.621572 0.001442 3531.500000 493.304030 0.024935 2014.530457
2.414830 1.307128 0.934707 0.126314 1.443841 -0.615937 0.001447 3531.500000 491.194804 0.025042 2017.283821
2.424850 1.316500 0.935962 0.124318 1.437698 -0.610287 0.001452 3531.500000 489.104813 0.025149 2019.993776
2.434870 1.325884 0.937198 0.122344 1.431611 -0.604625 0.001456 3531.500000 487.034103 0.025256 2022.660807
2.444890 1.335281 0.938414 0.120393 1.425581 -0.598952 0.001461 3531.500000 484.982714 0.025363 2025.285394
2.454910 1.344690 0.939611 0.118464 1.419608 -0.593271 0.001465 3531.500000 482.950677 0.025470 2027.868020
2.464930 1.354111 0.940788 0.116557 1.413692 -0.587583 0.001470 3531.500000 480.938019 0.025576 2030.409165
2.474950 1.363543 0.941947 0.114672 1.407833 -0.581891 0.001475 3531.500000 478.944757 0.025683 2032.909308
2.484970 1.372988 0.943086 0.112809 1.402031 -0.576195 0.001479 3531.500000 476.970904 0.025789 2035.368925
2.494990 1.382443 0.944207 0.110968 1.396286 -0.570499 0.001484 3531.500000 475.016467 0.025895 2037.788493
2.505010 1.391909 0.945310 0.109148 1.390598 -0.564804 0.001488 3531.500000 473.081447 0.026001 2040.168485
2.515030 1.401387 0.946395 0.107351 1.384967 -0.559111 0.001493 3531.500000 471.165836 0.026107 2042.509374
2.525050 1.410875 0.947462 0.105575 1.379393 -0.553422 0.001497 3531.500000 469.269626 0.026212 2044.811629
2.535070 1.420374 0.948511 0.103821 1.373877 -0.547739 0.001502 3531.500000 467.392798 0.026317 2047.075720
2.545090 1.429883 0.949542 0.102089 1.368417 -0.542063 0.001506 3531.500000 465.535331 0.026422 2049.302112
2.555110 1.439403 0.950557 0.100378 1.363014 -0.536396 0.001510 3531.500000 463.697198 0.026527 2051.491270
2.565130 1.448933 0.951554 0.098688 1.357667 -0.530739 0.001515 3531.500000 461.878366 0.026632 2053.643655
2.575150 1.458472 0.952534 0.097019 1.352377 -0.525094 0.001519 3531.500000 460.078799 0.026736 2055.759727
2.585170 1.468021 0.953498 0.095372 1.347144 -0.519461 0.001524 3531.500000 458.298455 0.026840 2057.839944
2.595190 1.477580 0.954446 0.093745 1.341967 -0.513843 0.001528 3531.500000 456.537288 0.026943 2059.884759
2.605210 1.487148 0.955377 0.092140 1.336847 -0.508240 0.001532 3531.500000 454.795247 0.027046 2061.894626
2.615230 1.496726 0.956292 0.090555 1.331782 -0.502653 0.001537 3531.500000 453.072277 0.027149 2063.869993
2.625251 1.506313 0.957192 0.088990 1.326773 -0.497085 0.001541 3531.500000 451.368319 0.027252 2065.811309
2.635271 1.515908 0.958076 0.087446 1.321820 -0.491536 0.001545 3531.500000 449.683310 0.027354 2067.719016
2.645291 1.525512 0.958944 0.085923 1.316923 -0.486007 0.001549 3531.500000 448.017183 0.027456 2069.593558
2.655311 1.535125 0.959798 0.084420 1.312081 -0.480499 0.001554 3531.500000 446.369867 0.027557 2071.435371
2.665331 1.544747 0.960636 0.082936 1.307294 -0.475014 0.001558 3531.500000 444.741289 0.027658 2073.244893
2.675351 1.554377 0.961460 0.081473 1.302561 -0.469551 0.001562 3531.500000 443.131371 0.027758 2075.022556
2.685371 1.564015 0.962269 0.080030 1.297884 -0.464113 0.001566 3531.500000 441.540032 0.027858 2076.768790
2.695391 1.573660 0.963064 0.078606 1.293260 -0.458700 0.001570 3531.500000 439.967188 0.027958 2078.484022
2.705411 1.583314 0.963844 0.077202 1.288691 -0.453313 0.001575 3531.500000 438.412751 0.028057 2080.168676
2.715431 1.592976 0.964611 0.075817 1.284176 -0.447953 0.001579 3531.500000 436.876632 0.028156 2081.823172
2.725451 1.602645 0.965364 0.074451 1.279714 -0.442621 0.001583 3531.500000 435.358737 0.028254 2083.447928
2.735471 1.612322 0.966103 0.073105 1.275306 -0.437317 0.001587 3531.500000 433.858972 0.028352 2085.043359
2.745491 1.622006 0.966829 0.071777 1.270950 -0.432042 0.001591 3531.500000 432.377236 0.028449 2086.609875
2.755511 1.631697 0.967541 0.070468 1.266647 -0.426798 0.001595 3531.500000 430.913430 0.028545 2088.147884
2.765531 1.641395 0.968241 0.069178 1.262397 -0.421583 0.001599 3531.500000 429.467451 0.028642 2089.657792
2.775551 1.651101 0.968928 0.067906 1.258199 -0.416401 0.001603 3531.500000 428.039193 0.028737 2091.139998
2.785571 1.660813 0.969602 0.066653 1.254052 -0.411250 0.001608 3531.500000 426.628547 0.028832 2092.594903
2.795591 1.670532 0.970264 0.065418 1.249957 -0.406131 0.001612 3531.500000 425.235406 0.028927 2094.022899
2.805611 1.680257 0.970913 0.064200 1.245913 -0.401046 0.001616 3531.500000 423.859656 0.029020 2095.424378
2.815631 1.689989 0.971550 0.063001 1.241920 -0.395994 0.001620 3531.500000 422.501183 0.029114 2096.799728
2.825651 1.699727 0.972176 0.061819 1.237977 -0.390976 0.001624 3531.500000 421.159874 0.029206 2098.149333
2.835671 1.709471 0.972789 0.060655 1.234085 -0.385993 0.001628 3531.500000 419.835609 0.029299 2099.473575
2.845691 1.719222 0.973391 0.059509 1.230242 -0.381046 0.001632 3531.500000 418.528271 0.029390 2100.772830
2.855711 1.728978 0.973982 0.058379 1.226448 -0.376133 0.001636 3531.500000 417.237739 0.029481 2102.047472
2.865731 1.738740 0.974561 0.057266 1.222704 -0.371257 0.001640 3531.500000 415.963891 0.029571 2103.297872
2.875752 1.748508 0.975129 0.056171 1.219008 -0.366417 0.001644 3531.500000 414.706604 0.029661 2104.524397
2.885772 1.758282 0.975687 0.055092 1.215361 -0.361613 0.001647 3531.500000 413.465754 0.029750 2105.727411
2.895792 1.768061 0.976234 0.054030 1.211761 -0.356847 0.001651 3531.500000 412.241214 0.029838 2106.907272
2.905812 1.777846 0.976770 0.052984 1.208209 -0.352118 0.001655 3531.500000 411.032858 0.029926 2108.064338
2.915832 1.787636 0.977295 0.051954 1.204705 -0.347427 0.001659 3531.500000 409.840558 0.030013 2109.198960
2.925852 1.797431 0.977811 0.050940 1.201247 -0.342774 0.001663 3531.500000 408.664185 0.030100 2110.311489
2.935872 1.807231 0.978316 0.049943 1.197835 -0.338159 0.001667 3531.500000 407.503609 0.030185 2111.402270
2.945892 1.817036 0.978812 0.048961 1.194470 -0.333582 0.001671 3531.500000 406.358699 0.030270 2112.471645
2.955912 1.826846 0.979298 0.047994 1.191150 -0.329044 0.001675 3531.500000 405.229324 0.030355 2113.519953
2.965932 1.836661 0.979774 0.047043 1.187876 -0.324545 0.001679 3531.500000 404.115351 0.030438 2114.547527
2.975952 1.846481 0.980240 0.046107 1.184646 -0.320085 0.001682 3531.500000 403.016648 0.030521 2115.554701
2.985972 1.856305 0.980698 0.045187 1.181461 -0.315665 0.001686 3531.500000 401.933081 0.030604 2116.541801
2.995992 1.866134 0.981146 0.044281 1.178320 -0.311284 0.001690 3531.500000 400.864515 0.030685 2117.509152
3.006012 1.875968 0.981585 0.043390 1.175223 -0.306942 0.001694 3531.500000 399.810817 0.030766 2118.457075
3.016032 1.885805 0.982016 0.042513 1.172169 -0.302640 0.001698 3531.500000 398.771851 0.030846 2119.385886
3.026052 1.895647 0.982437 0.041651 1.169158 -0.298378 0.001701 3531.500000 397.747482 0.030926 2120.295899
3.036072 1.905493 0.982850 0.040803 1.166189 -0.294156 0.001705 3531.500000 396.737574 0.031004 2121.187424
3.046092 1.915344 0.983255 0.039970 1.163263 -0.289973 0.001709 3531.500000 395.741991 0.031082 2122.060768
3.056112 1.925198 0.983651 0.039150 1.160378 -0.285831 0.001713 3531.500000 394.760597 0.031160 2122.916233
3.066132 1.935056 0.984040 0.038344 1.157535 -0.281728 0.001716 3531.500000 393.793256 0.031236 2123.754119
3.076152 1.944918 0.984420 0.037551 1.154732 -0.277666 0.001720 3531.500000 392.839830 0.031312 2124.574721
3.086172 1.954784 0.984792 0.036772 1.151970 -0.273644 0.001724 3531.500000 391.900183 0.031387 2125.378333
3.096192 1.964653 0.985157 0.036007 1.149248 -0.269662 0.001728 3531.500000 390.974179 0.031461 2126.165242
3.106212 1.974526 0.985514 0.035254 1.146566 -0.265720 0.001731 3531.500000 390.061680 0.031535 2126.935735
3.116232 1.984403 0.985863 0.034514 1.143923 -0.261818 0.001735 3531.500000 389.162551 0.031608 2127.690093
3.126253 1.994283 0.986205 0.033788 1.141319 -0.257956 0.001739 3531.500000 388.276654 0.031680 2128.428594
3.136273 2.004167 0.986540 0.033073 1.138753 -0.254134 0.001742 3531.500000 387.403854 0.031751 2129.151514
3.146293 2.014054 0.986868 0.032372 1.136226 -0.250353 0.001746 3531.500000 386.544013 0.031822 2129.859124
3.156313 2.023944 0.987189 0.031682 1.133736 -0.246611 0.001750 3531.500000 385.696995 0.031892 2130.551692
3.166333 2.033837 0.987503 0.031005 1.131284 -0.242909 0.001753 3531.500000 384.862666 0.031961 2131.229483
3.176353 2.043733 0.987811 0.030340 1.128868 -0.239246 0.001757 3531.500000 384.040888 0.032029 2131.892759
3.186373 2.053633 0.988111 0.029686 1.126489 -0.235623 0.001761 3531.500000 383.231527 0.032097 2132.541777
3.196393 2.063535 0.988406 0.029045 1.124146 -0.232040 0.001764 3531.500000 382.434448 0.032164 2133.176791
3.206413 2.073440 0.988693 0.028414 1.121839 -0.228497 0.001768 3531.500000 381.649516 0.032230 2133.798054
3.216433 2.083349 0.988975 0.027796 1.119567 -0.224992 0.001772 3531.500000 380.876597 0.032295 2134.405812
3.226453 2.093259 0.989250 0.027188 1.117330 -0.221527 0.001775 3531.500000 380.115556 0.032360 2135.000312
3.236473 2.103173 0.989520 0.026592 1.115127 -0.218101 0.001779 3531.500000 379.366261 0.032424 2135.581793
3.246493 2.113090 0.989783 0.026006 1.112959 -0.214714 0.001782 3531.500000 378.628579 0.032487 2136.150495
3.256513 2.123008 0.990041 0.025431 1.110824 -0.211366 0.001786 3531.500000 377.902376 0.032550 2136.706652
3.266533 2.132930 0.990293 0.024867 1.108723 -0.208056 0.001790 3531.500000 377.187521 0.032611 2137.250495
3.276553 2.142854 0.990539 0.024314 1.106655 -0.204785 0.001793 3531.500000 376.483883 0.032672 2137.782254
3.286573 2.152780 0.990780 0.023771 1.104619 -0.201552 0.001797 3531.500000 375.791331 0.032733 2138.302153
3.296593 2.162709 0.991016 0.023237 1.102615 -0.198357 0.001800 3531.500000 375.109734 0.032792 2138.810414
3.306613 2.172640 0.991246 0.022714 1.100644 -0.195200 0.001804 3531.500000 374.438963 0.032851 2139.307257
3.316633 2.182574 0.991471 0.022201 1.098703 -0.192081 0.001807 3531.500000 373.778889 0.032909 2139.792897
3.326653 2.192510 0.991691 0.021698 1.096794 -0.188999 0.001811 3531.500000 373.129382 0.032966 2140.267547
3.336673 2.202448 0.991906 0.021204 1.094916 -0.185955 0.001815 3531.500000 372.490317 0.033023 2140.731417
3.346693 2.212387 0.992116 0.020720 1.093068 -0.182948 0.001818 3531.500000 371.861565 0.033078 2141.184713
3.356713 2.222330 0.992321 0.020245 1.091249 -0.179978 0.001822 3531.500000 371.243000 0.033134 2141.627639
3.366733 2.232274 0.992522 0.019780 1.089461 -0.177045 0.001825 3531.500000 370.634497 0.033188 2142.060395
3.376754 2.242220 0.992718 0.019323 1.087701 -0.174148 0.001829 3531.500000 370.035931 0.033242 2142.483180
3.386774 2.252168 0.992909 0.018875 1.085971 -0.171288 0.001832 3531.500000 369.447177 0.033295 2142.896187
3.396794 2.262118 0.993096 0.018436 1.084268 -0.168463 0.001836 3531.500000 368.868112 0.033347 2143.299609
3.406814 2.272070 0.993278 0.018006 1.082594 -0.165675 0.001839 3531.500000 368.298613 0.033398 2143.693634
3.416834 2.282023 0.993457 0.017585 1.080948 -0.162922 0.001843 3531.500000 367.738559 0.033449 2144.078449
3.426854 2.291978 0.993631 0.017171 1.079329 -0.160205 0.001846 3531.500000 367.187829 0.033499 2144.454236
3.436874 2.301936 0.993801 0.016766 1.077738 -0.157522 0.001850 3531.500000 366.646302 0.033549 2144.821176
3.446894 2.311894 0.993967 0.016369 1.076172 -0.154875 0.001853 3531.500000 366.113860 0.033598 2145.179446
3.456914 2.321855 0.994129 0.015981 1.074634 -0.152262 0.001857 3531.500000 365.590382 0.033646 2145.529221
3.466934 2.331817 0.994287 0.015600 1.073121 -0.149684 0.001860 3531.500000 365.075753 0.033693 2145.870672
3.476954 2.341780 0.994442 0.015226 1.071634 -0.147140 0.001864 3531.500000 364.569854 0.033740 2146.203970
3.486974 2.351745 0.994592 0.014861 1.070172 -0.144629 0.001867 3531.500000 364.072570 0.033786 2146.529280
3.496994 2.361712 0.994739 0.014503 1.068735 -0.142153 0.001870 3531.500000 363.583786 0.033832 2146.846767
3.507014 2.371680 0.994883 0.014152 1.067323 -0.139709 0.001874 3531.500000 363.103388 0.033876 2147.156591
3.517034 2.381650 0.995023 0.013809 1.065936 -0.137299 0.001877 3531.500000 362.631262 0.033920 2147.458912
3.527054 2.391620 0.995160 0.013473 1.064572 -0.134922 0.001881 3531.500000 362.167295 0.033964 2147.753884
3.537074 2.401593 0.995293 0.013143 1.063232 -0.132577 0.001884 3531.500000 361.711377 0.034007 2148.041663
3.547094 2.411566 0.995423 0.012821 1.061915 -0.130265 0.001888 3531.500000 361.263397 0.034049 2148.322397
3.557114 2.421541 0.995550 0.012506 1.060621 -0.127984 0.001891 3531.500000 360.823244 0.034090 2148.596236
3.567134 2.431517 0.995674 0.012197 1.059350 -0.125736 0.001895 3531.500000 360.390811 0.034131 2148.863326
3.577154 2.441494 0.995795 0.011895 1.058101 -0.123519 0.001898 3531.500000 359.965989 0.034172 2149.123810
3.587174 2.451473 0.995912 0.011599 1.056874 -0.121333 0.001901 3531.500000 359.548671 0.034211 2149.377829
3.597194 2.461452 0.996027 0.011310 1.055669 -0.119178 0.001905 3531.500000 359.138752 0.034250 2149.625521
3.607214 2.471433 0.996139 0.011027 1.054486 -0.117054 0.001908 3531.500000 358.736126 0.034289 2149.867023
3.617234 2.481415 0.996248 0.010750 1.053324 -0.114960 0.001912 3531.500000 358.340689 0.034327 2150.102468
3.627255 2.491398 0.996354 0.010479 1.052182 -0.112896 0.001915 3531.500000 357.952338 0.034364 2150.331988
3.637275 2.501382 0.996458 0.010213 1.051061 -0.110862 0.001918 3531.500000 357.570971 0.034400 2150.555712
3.647295 2.511367 0.996559 0.009954 1.049960 -0.108858 0.001922 3531.500000 357.196487 0.034436 2150.773768
3.657315 2.521353 0.996658 0.009701 1.048879 -0.106883 0.001925 3531.500000 356.828785 0.034472 2150.986278
3.667335 2.531340 0.996753 0.009453 1.047818 -0.104937 0.001929 3531.500000 356.467766 0.034507 2151.193367
3.677355 2.541328 0.996847 0.009210 1.046776 -0.103020 0.001932 3531.500000 356.113331 0.034541 2151.395155
3.687375 2.551317 0.996938 0.008973 1.045754 -0.101131 0.001935 3531.500000 355.765384 0.034575 2151.591758
3.697395 2.561307 0.997027 0.008742 1.044750 -0.099270 0.001939 3531.500000 355.423827 0.034608 2151.783294
3.707415 2.571298 0.997113 0.008515 1.043764 -0.097437 0.001942 3531.500000 355.088565 0.034641 2151.969876
3.717435 2.581289 0.997197 0.008294 1.042797 -0.095632 0.001946 3531.500000 354.759504 0.034673 2152.151616
3.727455 2.591282 0.997280 0.008077 1.041848 -0.093854 0.001949 3531.500000 354.436551 0.034705 2152.328623
3.737475 2.601275 0.997359 0.007866 1.040916 -0.092103 0.001952 3531.500000 354.119611 0.034736 2152.501005
3.747495 2.611269 0.997437 0.007659 1.040002 -0.090379 0.001956 3531.500000 353.808594 0.034766 2152.668868
3.757515 2.621263 0.997513 0.007458 1.039105 -0.088681 0.001959 3531.500000 353.503409 0.034796 2152.832316
3.767535 2.631259 0.997587 0.007260 1.038224 -0.087010 0.001962 3531.500000 353.203967 0.034826 2152.991449
3.777555 2.641255 0.997658 0.007068 1.037361 -0.085364 0.001966 3531.500000 352.910178 0.034855 2153.146368
3.787575 2.651252 0.997728 0.006880 1.036514 -0.083744 0.001969 3531.500000 352.621955 0.034883 2153.297171
3.797595 2.661250 0.997796 0.006696 1.035683 -0.082150 0.001972 3531.500000 352.339211 0.034911 2153.443953
3.807615 2.671248 0.997862 0.006517 1.034867 -0.080580 0.001976 3531.500000 352.061859 0.034939 2153.586809
3.817635 2.681247 0.997927 0.006341 1.034068 -0.079036 0.001979 3531.500000 351.789816 0.034966 2153.725831
3.827655 2.691247 0.997990 0.006170 1.033283 -0.077515 0.001982 3531.500000 351.522996 0.034992 2153.861109
3.837675 2.701247 0.998051 0.006003 1.032514 -0.076019 0.001986 3531.500000 351.261317 0.035018 2153.992733
3.847695 2.711248 0.998110 0.005840 1.031760 -0.074547 0.001989 3531.500000 351.004697 0.035044 2154.120789
3.857715 2.721249 0.998168 0.005681 1.031020 -0.073099 0.001992 3531.500000 350.753054 0.035069 2154.245361
3.867735 2.731251 0.998224 0.005526 1.030295 -0.071674 0.001996 3531.500000 350.506309 0.035094 2154.366535
3.877756 2.741253 0.998278 0.005374 1.029584 -0.070272 0.001999 3531.500000 350.264382 0.035118 2154.484392
3.887776 2.751256 0.998331 0.005227 1.028887 -0.068893 0.002002 3531.500000 350.027194 0.035142 2154.599011
3.897796 2.761260 0.998383 0.005082 1.028203 -0.067537 0.002006 3531.500000 349.794668 0.035165 2154.710472
3.907816 2.771264 0.998433 0.004942 1.027533 -0.066203 0.002009 3531.500000 349.566728 0.035188 2154.818852
3.917836 2.781269 0.998482 0.004804 1.026876 -0.064891 0.002012 3531.500000 349.343298 0.035211 2154.924225
3.927856 2.791274 0.998530 0.004670 1.026233 -0.063600 0.002016 3531.500000 349.124303 0.035233 2155.026666
3.937876 2.801279 0.998576 0.004540 1.025602 -0.062332 0.002019 3531.500000 348.909670 0.035254 2155.126247
3.947896 2.811285 0.998621 0.004412 1.024983 -0.061084 0.002022 3531.500000 348.699325 0.035276 2155.223039
3.957916 2.821292 0.998664 0.004288 1.024377 -0.059858 0.002026 3531.500000 348.493197 0.035297 2155.317111
3.967936 2.831299 0.998707 0.004167 1.023784 -0.058652 0.002029 3531.500000 348.291214 0.035317 2155.408532
3.977956 2.841306 0.998748 0.004049 1.023202 -0.057466 0.002032 3531.500000 348.093307 0.035337 2155.497366
3.987976 2.851314 0.998788 0.003934 1.022632 -0.056301 0.002036 3531.500000 347.899406 0.035357 2155.583681
3.997996 2.861322 0.998827 0.003822 1.022074 -0.055156 0.002039 3531.500000 347.709443 0.035376 2155.667539
4.008016 2.871330 0.998864 0.003713 1.021527 -0.054031 0.002042 3531.500000 347.523349 0.035395 2155.749002
4.018036 2.881339 0.998901 0.003606 1.020991 -0.052925 0.002046 3531.500000 347.341060 0.035414 2155.828131
4.028056 2.891348 0.998937 0.003502 1.020466 -0.051838 0.002049 3531.500000 347.162508 0.035432 2155.904987
4.038076 2.901358 0.998971 0.003401 1.019952 -0.050770 0.002052 3531.500000 346.987628 0.035450 2155.979627
4.048096 2.911368 0.999005 0.003303 1.019448 -0.049720 0.002055 3531.500000 346.816358 0.035467 2156.052108
4.058116 2.921378 0.999037 0.003207 1.018955 -0.048689 0.002059 3531.500000 346.648633 0.035484 2156.122486
4.068136 2.931389 0.999069 0.003113 1.018473 -0.047677 0.002062 3531.500000 346.484391 0.035501 2156.190816
4.078156 2.941399 0.999100 0.003022 1.018000 -0.046682 0.002065 3531.500000 346.323571 0.035518 2156.257151
4.088176 2.951411 0.999130 0.002934 1.017537 -0.045705 0.002069 3531.500000 346.166111 0.035534 2156.321544
4.098196 2.961422 0.999159 0.002847 1.017084 -0.044745 0.002072 3531.500000 346.011953 0.035550 2156.384044
4.108216 2.971434 0.999187 0.002763 1.016640 -0.043802 0.002075 3531.500000 345.861037 0.035565 2156.444703
4.118236 2.981446 0.999214 0.002681 1.016206 -0.042877 0.002078 3531.500000 345.713305 0.035580 2156.503568
4.128257 2.991458 0.999240 0.002602 1.015781 -0.041968 0.002082 3531.500000 345.568699 0.035595 2156.560687
4.138277 3.001471 0.999266 0.002524 1.015365 -0.041076 0.002085 3531.500000 345.427163 0.035610 2156.616108
4.148297 3.011483 0.999291 0.002449 1.014958 -0.040200 0.002088 3531.500000 345.288641 0.035624 2156.669874
4.158317 3.021497 0.999315 0.002375 1.014559 -0.039340 0.002092 3531.500000 345.153078 0.035638 2156.722031
4.168337 3.031510 0.999339 0.002304 1.014169 -0.038495 0.002095 3531.500000 345.020420 0.035652 2156.772622
4.178357 3.041523 0.999361 0.002234 1.013788 -0.037667 0.002098 3531.500000 344.890613 0.035665 2156.821689
4.188377 3.051537 0.999383 0.002167 1.013414 -0.036853 0.002101 3531.500000 344.763605 0.035678 2156.869273
4.198397 3.061551 0.999405 0.002101 1.013049 -0.036055 0.002105 3531.500000 344.639343 0.035691 2156.915416
4.208417 3.071565 0.999426 0.002037 1.012692 -0.035272 0.002108 3531.500000 344.517778 0.035704 2156.960156
4.218437 3.081580 0.999446 0.001975 1.012342 -0.034503 0.002111 3531.500000 344.398857 0.035716 2157.003532
4.228457 3.091594 0.999465 0.001914 1.012000 -0.033749 0.002115 3531.500000 344.282532 0.035728 2157.045581
4.238477 3.101609 0.999484 0.001856 1.011666 -0.033009 0.002118 3531.500000 344.168754 0.035740 2157.086340
4.248497 3.111624 0.999502 0.001798 1.011339 -0.032283 0.002121 3531.500000 344.057474 0.035752 2157.125845
4.258517 3.121639 0.999520 0.001743 1.011019 -0.031571 0.002124 3531.500000 343.948646 0.035763 2157.164131
4.268537 3.131654 0.999537 0.001689 1.010706 -0.030872 0.002128 3531.500000 343.842221 0.035774 2157.201231
4.278557 3.141670 0.999554 0.001636 1.010400 -0.030187 0.002131 3531.500000 343.738155 0.035785 2157.237180
4.288577 3.151686 0.999570 0.001585 1.010101 -0.029515 0.002134 3531.500000 343.636402 0.035795 2157.272009
4.298597 3.161701 0.999586 0.001536 1.009809 -0.028856 0.002137 3531.500000 343.536918 0.035806 2157.305750
4.308617 3.171717 0.999601 0.001487 1.009523 -0.028210 0.002141 3531.500000 343.439658 0.035816 2157.338434
4.318637 3.181733 0.999615 0.001441 1.009243 -0.027576 0.002144 3531.500000 343.344579 0.035826 2157.370091
4.328657 3.191750 0.999630 0.001395 1.008970 -0.026955 0.002147 3531.500000 343.251639 0.035835 2157.400750
4.338677 3.201766 0.999643 0.001351 1.008703 -0.026346 0.002150 3531.500000 343.160796 0.035845 2157.430440
4.348697 3.211783 0.999657 0.001308 1.008442 -0.025749 0.002154 3531.500000 343.072008 0.035854 2157.459189
4.358717 3.221799 0.999670 0.001266 1.008187 -0.025164 0.002157 3531.500000 342.985236 0.035863 2157.487023
4.368737 3.231816 0.999682 0.001226 1.007938 -0.024590 0.002160 3531.500000 342.900438 0.035872 2157.513970
4.378758 3.241833 0.999694 0.001187 1.007694 -0.024028 0.002164 3531.500000 342.817577 0.035881 2157.540054
4.388778 3.251850 0.999706 0.001149 1.007456 -0.023477 0.002167 3531.500000 342.736613 0.035889 2157.565302
4.398798 3.261867 0.999717 0.001112 1.007224 -0.022937 0.002170 3531.500000 342.657508 0.035898 2157.589738
4.408818 3.271884 0.999728 0.001076 1.006997 -0.022408 0.002173 3531.500000 342.580225 0.035906 2157.613385
4.418838 3.281902 0.999739 0.001041 1.006775 -0.021889 0.002177 3531.500000 342.504727 0.035914 2157.636266
4.428858 3.291919 0.999749 0.001007 1.006558 -0.021382 0.002180 3531.500000 342.430979 0.035921 2157.658405
4.438878 3.301937 0.999759 0.000974 1.006346 -0.020884 0.002183 3531.500000 342.358943 0.035929 2157.679823
4.448898 3.311955 0.999769 0.000942 1.006139 -0.020397 0.002186 3531.500000 342.288586 0.035936 2157.700543
4.458918 3.321972 0.999778 0.000911 1.005937 -0.019919 0.002190 3531.500000 342.219874 0.035944 2157.720583
4.468938 3.331990 0.999787 0.000881 1.005740 -0.019452 0.002193 3531.500000 342.152772 0.035951 2157.739966
4.478958 3.342008 0.999796 0.000852 1.005547 -0.018994 0.002196 3531.500000 342.087246 0.035957 2157.758710
4.488978 3.352026 0.999804 0.000824 1.005359 -0.018546 0.002199 3531.500000 342.023266 0.035964 2157.776836
4.498998 3.362044 0.999812 0.000797 1.005176 -0.018107 0.002203 3531.500000 341.960798 0.035971 2157.794361
4.509018 3.372062 0.999820 0.000770 1.004997 -0.017677 0.002206 3531.500000 341.899810 0.035977 2157.811304
4.519038 3.382081 0.999827 0.000745 1.004821 -0.017256 0.002209 3531.500000 341.840273 0.035983 2157.827682
4.529058 3.392099 0.999835 0.000720 1.004651 -0.016844 0.002212 3531.500000 341.782155 0.035990 2157.843514
4.539078 3.402118 0.999842 0.000696 1.004484 -0.016441 0.002216 3531.500000 341.725427 0.035996 2157.858815
4.549098 3.412136 0.999849 0.000672 1.004321 -0.016046 0.002219 3531.500000 341.670059 0.036001 2157.873602
4.559118 3.422155 0.999855 0.000649 1.004162 -0.015660 0.002222 3531.500000 341.616022 0.036007 2157.887891
4.569138 3.432173 0.999862 0.000628 1.004007 -0.015281 0.002225 3531.500000 341.563289 0.036013 2157.901698
4.579158 3.442192 0.999868 0.000606 1.003856 -0.014911 0.002229 3531.500000 341.511830 0.036018 2157.915036
4.589178 3.452211 0.999874 0.000586 1.003708 -0.014549 0.002232 3531.500000 341.461619 0.036023 2157.927922
4.599198 3.462229 0.999880 0.000566 1.003564 -0.014195 0.002235 3531.500000 341.412629 0.036029 2157.940368
4.609218 3.472248 0.999885 0.000546 1.003424 -0.013848 0.002238 3531.500000 341.364834 0.036034 2157.952390
4.619238 3.482267 0.999891 0.000528 1.003287 -0.013509 0.002242 3531.500000 341.318208 0.036038 2157.963999
4.629259 3.492286 0.999896 0.000509 1.003153 -0.013178 0.002245 3531.500000 341.272725 0.036043 2157.975210
4.639279 3.502305 0.999901 0.000492 1.003023 -0.012853 0.002248 3531.500000 341.228360 0.036048 2157.986035
4.649299 3.512324 0.999906 0.000475 1.002896 -0.012536 0.002251 3531.500000 341.185089 0.036053 2157.996485
4.659319 3.522343 0.999910 0.000458 1.002772 -0.012225 0.002255 3531.500000 341.142888 0.036057 2158.006574
4.669339 3.532363 0.999915 0.000442 1.002651 -0.011922 0.002258 3531.500000 341.101734 0.036061 2158.016312
4.679359 3.542382 0.999919 0.000427 1.002533 -0.011625 0.002261 3531.500000 341.061602 0.036066 2158.025711
4.689379 3.552401 0.999923 0.000412 1.002418 -0.011335 0.002264 3531.500000 341.022471 0.036070 2158.034782
4.699399 3.562420 0.999928 0.000398 1.002305 -0.011051 0.002267 3531.500000 340.984318 0.036074 2158.043535
4.709419 3.572440 0.999931 0.000384 1.002196 -0.010774 0.002271 3531.500000 340.947121 0.036078 2158.051981
4.719439 3.582459 0.999935 0.000370 1.002090 -0.010503 0.002274 3531.500000 340.910860 0.036082 2158.060130
4.729459 3.592478 0.999939 0.000357 1.001986 -0.010237 0.002277 3531.500000 340.875512 0.036085 2158.067991
4.739479 3.602498 0.999942 0.000344 1.001884 -0.009978 0.002280 3531.500000 340.841057 0.036089 2158.075573
4.749499 3.612517 0.999946 0.000332 1.001786 -0.009725 0.002284 3531.500000 340.807476 0.036092 2158.082887
4.759519 3.622537 0.999949 0.000320 1.001689 -0.009478 0.002287 3531.500000 340.774748 0.036096 2158.089940
4.769539 3.632556 0.999952 0.000309 1.001596 -0.009236 0.002290 3531.500000 340.742853 0.036099 2158.096741
4.779559 3.642576 0.999955 0.000298 1.001504 -0.009000 0.002293 3531.500000 340.711773 0.036103 2158.103299
4.789579 3.652596 0.999958 0.000287 1.001415 -0.008769 0.002297 3531.500000 340.681489 0.036106 2158.109622
4.799599 3.662615 0.999961 0.000277 1.001329 -0.008544 0.002300 3531.500000 340.651983 0.036109 2158.115718
4.809619 3.672635 0.999964 0.000267 1.001244 -0.008323 0.002303 3531.500000 340.623237 0.036112 2158.121593
4.819639 3.682655 0.999966 0.000257 1.001162 -0.008108 0.002306 3531.500000 340.595233 0.036115 2158.127256
4.829659 3.692674 0.999969 0.000248 1.001082 -0.007898 0.002310 3531.500000 340.567953 0.036118 2158.132714
4.839679 3.702694 0.999971 0.000239 1.001003 -0.007693 0.002313 3531.500000 340.541382 0.036121 2158.137973
4.849699 3.712714 0.999974 0.000230 1.000927 -0.007492 0.002316 3531.500000 340.515502 0.036123 2158.143041
4.859719 3.722734 0.999976 0.000222 1.000853 -0.007296 0.002319 3531.500000 340.490298 0.036126 2158.147924
4.869739 3.732753 0.999978 0.000213 1.000781 -0.007105 0.002323 3531.500000 340.465752 0.036129 2158.152627
4.879760 3.742773 0.999980 0.000206 1.000711 -0.006919 0.002326 3531.500000 340.441851 0.036131 2158.157158
4.889780 3.752793 0.999982 0.000198 1.000642 -0.006737 0.002329 3531.500000 340.418578 0.036134 2158.161522
4.899800 3.762813 0.999984 0.000191 1.000576 -0.006559 0.002332 3531.500000 340.395919 0.036136 2158.165724
4.909820 3.772833 0.999986 0.000184 1.000511 -0.006385 0.002335 3531.500000 340.373858 0.036138 2158.169772
4.919840 3.782853 0.999988 0.000177 1.000448 -0.006216 0.002339 3531.500000 340.352383 0.036141 2158.173669
4.929860 3.792873 0.999990 0.000170 1.000386 -0.006050 0.002342 3531.500000 340.331477 0.036143 2158.177420
4.939880 3.802893 0.999991 0.000164 1.000327 -0.005889 0.002345 3531.500000 340.311129 0.036145 2158.181032
4.949900 3.812913 0.999993 0.000158 1.000268 -0.005731 0.002348 3531.500000 340.291324 0.036147 2158.184509
4.959920 3.822933 0.999994 0.000152 1.000212 -0.005578 0.002352 3531.500000 340.272050 0.036149 2158.187856
4.969940 3.832953 0.999996 0.000146 1.000157 -0.005428 0.002355 3531.500000 340.253293 0.036151 2158.191076
4.979960 3.842973 0.999997 0.000141 1.000103 -0.005282 0.002358 3531.500000 340.235041 0.036153 2158.194175
4.989980 3.852993 0.999999 0.000135 1.000051 -0.005139 0.002361 3531.500000 340.217281 0.036155 2158.197158
5.000000 3.863013 1.000000 0.000130 1.000000 -0.005000 0.002365 3531.500000 340.200002 0.036157 2158.200027
