pos.x pos.y vol rho vel.x vel.y p a shock-detector massf-air e T
 0.0169809 1.02941 0.00149831 1 694.502 1.15023e-13 86131 347.251 0 1 215327 300
 0.0339618 1 0.00149831 1 694.502 -1.18844e-13 86131 347.251 0 1 215327 300
 0.0707246 1 0.00174546 1 694.502 -8.04522e-14 86131 347.251 0 1 215327 300
 0.0905065 1.02941 0.00174546 1 694.502 1.27041e-13 86131 347.251 0 1 215327 300
 0.130875 1.02941 0.00181642 1 694.502 5.66251e-14 86131 347.251 0 1 215327 300
 0.151461 1 0.00181642 1 694.502 -5.95912e-15 86131 347.251 0 1 215327 300
 0.192633 1 0.00181642 1 694.502 -2.21705e-14 86131 347.251 0 1 215327 300
 0.213219 1.02941 0.00181642 1 694.502 -1.1514e-13 86131 347.251 0 1 215327 300
 0.254391 1.02941 0.00181642 1 694.502 -1.75311e-13 86131 347.251 0 1 215327 300
 0.274978 1 0.00181642 1 694.502 -8.29458e-14 86131 347.251 0 1 215327 300
 0.31615 1 0.00181642 1 694.502 -1.31764e-13 86131 347.251 0 1 215327 300
 0.377908 1.02941 0.00181642 1 694.502 2.97755e-14 86131 347.251 0 1 215327 300
 0.398494 1 0.00181642 1 694.502 3.80578e-14 86131 347.251 0 1 215327 300
 0.439667 1 0.00181642 1 694.502 1.22074e-13 86131 347.251 0 1 215327 300
 0.460253 0.970588 0.00181642 1 694.502 2.14089e-13 86131 347.251 0 1 215327 300
 0.501425 0.970588 0.00181642 1 694.502 1.98517e-13 86131 347.251 0 1 215327 300
 0.522011 1 0.00181642 1 694.502 2.21563e-13 86131 347.251 0 1 215327 300
 0.563184 1 0.00181642 1 694.502 1.42238e-13 86131 347.251 0 1 215327 300
 0.58377 0.970588 0.00181642 1 694.502 -3.64222e-13 86131 347.251 0 1 215327 300
 0.624942 0.970588 0.00181642 1 694.502 -3.67295e-13 86131 347.251 0 1 215327 300
 0.645528 1 0.00181642 1 694.502 -4.23718e-13 86131 347.251 0 1 215327 300
 0.6867 1 0.00181642 1 694.502 -4.4287e-13 86131 347.251 0 1 215327 300
 0.707287 0.970588 0.00181642 1 694.502 4.55377e-14 86131 347.251 0 1 215327 300
 0.747416 0.970468 0.00172437 1 694.502 -7.42502e-14 86131 347.251 0 1 215327 300
 0.768002 0.99988 0.00178154 1 694.502 1.11695e-13 86131 347.251 0 1 215327 300
 0.806233 0.998978 0.0016167 1 694.502 6.66332e-14 86131 347.251 0 1 215327 300
 0.826625 1.02817 0.00168347 1 694.502 7.47481e-14 86131 347.251 0 1 215327 300
 0.877791 0.994424 0.0016227 1 694.502 -3.96563e-13 86131 347.251 0 1 215327 300
 0.915547 0.990572 0.00186302 1 694.502 -3.02658e-13 86131 347.251 0 1 215327 300
 0.932926 1.01885 0.00155003 1 694.502 -3.59821e-13 86131 347.251 0 1 215327 300
 0.964585 1.02418 0.00146777 1 694.502 -4.52823e-13 86131 347.251 0 1 215327 300
 0.987043 1.00413 0.00147428 1 694.502 -1.10454e-13 86131 347.251 0 1 215327 300
 1.01997 1.0193 0.00152051 1 694.502 -3.47476e-14 86131 347.251 0 1 215327 300
 1.04023 0.99388 0.00145121 1 694.502 2.32791e-13 86131 347.251 0 1 215327 300
 1.06885 0.995715 0.00147117 1 694.502 2.91064e-13 86131 347.251 0 1 215327 300
 1.09193 1.02162 0.00153595 1 694.502 3.9075e-13 86131 347.251 0 1 215327 300
 1.12336 1.00659 0.00131927 1 694.502 4.8356e-13 86131 347.251 0 1 215327 300
 1.15603 1.02039 0.00188653 1 694.502 5.41751e-13 86131 347.251 0 1 215327 300
 1.18226 0.99891 0.00150532 1 694.502 3.6493e-13 86131 347.251 0 1 215327 300
 1.2188 1.00386 0.00170306 1 694.502 3.57731e-13 86131 347.251 0 1 215327 300
 1.29068 0.980985 0.00152593 1 694.502 1.59307e-13 86131 347.251 0 1 215327 300
 1.29915 1.01214 0.00182085 1 694.502 8.08708e-14 86131 347.251 0 1 215327 300
 1.34007 1.02285 0.00183446 1 694.502 8.37377e-14 86131 347.251 0 1 215327 300
 1.36201 0.999473 0.00148776 1 694.502 7.98956e-14 86131 347.251 0 1 215327 300
 1.39555 0.998598 0.0014275 1 694.502 7.78406e-14 86131 347.251 0 1 215327 300
 1.42071 1.02012 0.00180527 1 694.502 6.45436e-14 86131 347.251 0 1 215327 300
 1.45325 1.00643 0.00128313 1 694.502 3.16988e-14 86131 347.251 0 1 215327 300
 1.48502 1.0214 0.00157038 1 694.502 -3.41702e-14 86131 347.251 0 1 215327 300
 1.50909 0.993569 0.00172103 1 694.502 5.35314e-14 86131 347.251 0 1 215327 300
 1.5386 0.994012 0.00163619 1 694.502 6.83152e-14 86131 347.251 0 1 215327 300
 1.55899 1.02175 0.00139495 1 694.502 2.37696e-13 86131 347.251 0 1 215327 300
 1.58754 1.00925 0.000941612 1 694.502 8.70665e-14 86131 347.251 0 1 215327 300
 1.63483 0.997295 0.00123976 1 694.502 -6.39137e-14 86131 347.251 0 1 215327 300
 1.66215 0.995193 0.00138393 1 694.502 -5.63659e-14 86131 347.251 0 1 215327 300
 1.6859 1.01809 0.00150889 1 694.502 -1.24988e-13 86131 347.251 0 1 215327 300
 1.71799 0.999641 0.00148499 1 694.502 -1.90569e-13 86131 347.251 0 1 215327 300
 1.74877 1.01533 0.00199209 1 694.502 -2.46483e-13 86131 347.251 0 1 215327 300
 1.78199 0.996099 0.0020729 1 694.502 -4.21707e-13 86131 347.251 0 1 215327 300
 1.81624 1.01621 0.0019053 1 694.502 -4.10512e-13 86131 347.251 0 1 215327 300
 1.84557 1.00067 0.00138894 1 694.502 4.17991e-12 86131 347.251 0 1 215327 300
 1.88096 1.01603 0.00159193 1 694.502 4.52424e-12 86131 347.251 0 1 215327 300
 1.9011 0.990372 0.00146045 1 694.502 -1.5787e-11 86131 347.251 0 1 215327 300
 1.9316 0.98231 0.00169164 1 694.502 -5.16768e-11 86131 347.251 0 1 215327 300
 1.95769 0.998874 0.00161096 1 694.502 -3.03761e-11 86131 347.251 0 1 215327 300
 1.99289 0.979599 0.00141698 1 694.502 4.91171e-10 86131 347.251 0 1 215327 300
 2.01915 1.00298 0.0016688 1 694.502 4.52986e-10 86131 347.251 0 1 215327 300
 2.05027 0.996907 0.00165764 1 694.502 8.32585e-10 86131 347.251 0 1 215327 300
 2.07852 1.02005 0.00162642 1 694.502 1.68466e-09 86131 347.251 0 1 215327 300
 2.11072 0.998205 0.00162345 1 694.502 -5.09107e-08 86131 347.251 0 1 215327 300
 2.14554 1.01051 0.00228942 1 694.502 -2.49488e-08 86131 347.251 0 1 215327 300
 2.17241 0.987761 0.00166056 1 694.502 2.82925e-07 86131 347.251 0 1 215327 300
 2.20568 0.992068 0.00137036 1 694.502 9.08495e-07 86131 347.251 0 1 215327 300
 2.22632 1.01598 0.00188234 1 694.502 8.47534e-07 86131 347.251 0 1 215327 300
 2.26421 1.00141 0.00173891 1 694.502 2.03592e-06 86131 347.251 0 1 215327 300
 2.29428 1.02149 0.00209079 1 694.502 7.06484e-07 86131 347.251 0 1 215327 300
 2.32619 1.00693 0.00137383 1 694.502 -5.73962e-06 86131 347.251 0 1 215327 300
 2.35317 1.02001 0.000996712 1 694.502 -9.99915e-06 86131 347.251 0 1 215327 300
 2.37994 0.997542 0.00106014 1 694.502 -0.000111353 86130.9 347.251 0 1 215327 300
 2.40752 1.01249 0.0015268 1 694.502 -9.98625e-05 86130.9 347.251 0 1 215327 300
 2.44056 1.00103 0.00214697 1 694.502 0.000400218 86131.2 347.251 0 1 215328 300
 2.47365 1.02439 0.00202464 1 694.502 0.00043138 86131.2 347.251 0 1 215328 300
 2.5098 1.01002 0.00168182 1 694.502 0.00071708 86131.3 347.251 0 1 215328 300
 2.54159 1.029 0.00161352 1 694.502 0.000643047 86131.2 347.251 0 1 215328 300
 2.5744 1.0131 0.00150941 1 694.502 0.00055558 86131.2 347.251 0 1 215328 300
 2.60652 1.02916 0.00153134 1 694.502 0.00020715 86131.1 347.251 0 1 215327 300
 2.63484 1.01279 0.00131089 0.999992 694.504 -0.00225906 86130.1 347.251 0 1 215327 299.999
 2.669 1.0244 0.00158114 0.999988 694.504 -0.00365229 86129.5 347.25 0 1 215326 299.999
 2.69136 0.993624 0.00189255 0.999941 694.513 -0.0172283 86123.9 347.247 0 1 215322 299.993
 2.72623 0.990699 0.00227085 0.99997 694.508 -0.00872327 86127.3 347.249 0 1 215325 299.996
 2.74878 1.02257 0.00193048 0.999957 694.51 -0.0132263 86125.8 347.248 0 1 215324 299.995
 2.78141 1.01648 0.00116457 0.999983 694.505 -0.0054579 86128.9 347.25 0 1 215326 299.998
 2.79928 0.98774 0.00137072 1.00007 694.491 0.0214001 86139.4 347.256 0 1 215334 300.008
 2.8227 0.995834 0.000702369 1.0001 694.487 0.0308506 86143.1 347.258 0 1 215336 300.012
 2.84366 0.993661 0.000863806 1.00018 694.473 0.0546157 86152.5 347.264 0 1 215343 300.021
 2.86067 0.976002 0.00140067 1.00064 694.389 0.186623 86208 347.295 0 1 215382 300.077
 2.89487 0.985106 0.00134504 1.00068 694.38 0.2043 86213.5 347.299 0 1 215386 300.082
 2.90081 1.01691 0.00170942 1.00051 694.411 0.150289 86193 347.287 0 1 215372 300.062
 2.93274 1.02995 0.00188212 1.00048 694.417 0.142043 86188.4 347.284 0 1 215368 300.057
 2.96227 1.0091 0.00174295 1.00057 694.404 0.167753 86199.3 347.29 0 1 215376 300.068
 2.994 1.02639 0.00159559 1.00041 694.431 0.126429 86180.5 347.279 0 1 215362 300.048
 3.02341 1.00471 0.00169643 0.999362 694.583 -0.18542 86051 347.201 0 1 215265 299.913
 3.04983 1.01951 0.00129851 0.999073 694.623 -0.271927 86015.4 347.179 0 1 215238 299.876
 3.07655 1.007 0.00120324 0.995758 695.357 -1.11371 85618.6 346.953 0 1 214958 299.486
 3.13421 1.00577 0.00112854 0.991075 696.381 -2.59164 85084.4 346.686 0 1 214627 299.024
 3.16424 1.00432 0.0012119 0.994327 695.932 -1.87057 85487.2 346.936 0 1 214937 299.456
 3.2314 0.999222 0.0017648 1.04432 686.164 13.1319 91581.9 350.39 0 1 219238 305.448
 3.26136 1.00314 0.00117949 1.0735 680.825 21.0817 95195.6 352.348 0 1 221694 308.87
 3.28009 0.98493 0.0010196 1.23263 649.499 60.1513 115895 362.81 0 1 235056 327.486
 3.30748 1.00567 0.000982459 1.23581 650.233 61.4983 116163 362.761 0 1 234993 327.398
 3.33004 0.987872 0.0015234 1.37877 623.201 91.9609 135515 370.947 0 1 245717 342.34
 3.3613 1.00278 0.00224714 1.39882 619.704 95.4746 138334 372.089 0 1 247232 344.45
 3.38611 0.979553 0.00171455 1.46113 607.57 107.72 147131 375.467 0 1 251742 350.734
 3.42015 0.98759 0.00160024 1.47145 605.827 108.869 148584 375.991 0 1 252445 351.713
 3.44047 1.0185 0.00224587 1.46551 607.905 107.605 147868 375.843 0 1 252246 351.437
 3.47513 1.0122 0.00150969 1.47428 605.761 109.782 149024 376.186 0 1 252707 352.078
 3.48976 0.976126 0.00150684 1.46778 606.012 108.727 148150 375.91 0 1 252336 351.562
 3.52212 0.981053 0.00144891 1.46662 606.24 108.382 147991 375.857 0 1 252265 351.462
 3.52883 1.01552 0.00119036 1.47139 606.211 109.075 148584 375.998 0 1 252455 351.727
 3.55505 1.02731 0.00113318 1.4701 606.544 108.839 148427 375.965 0 1 252410 351.665
 3.58043 1.01148 0.00113166 1.46481 607.148 107.924 147661 375.67 0 1 252014 351.113
 3.63709 1.02047 0.00156083 1.46216 607.65 107.537 147287 375.534 0 1 251831 350.858
 3.64098 0.984087 0.00187063 1.461 606.851 107.273 147232 375.612 0 1 251937 351.005
 3.67562 0.971522 0.00196067 1.46082 606.463 107.237 147245 375.653 0 1 251991 351.081
 3.7058 0.997779 0.00180959 1.46105 606.904 107.349 147230 375.604 0 1 251926 350.99
 3.73908 0.988052 0.00157527 1.46107 606.539 107.359 147266 375.647 0 1 251983 351.07
 3.7635 1.011 0.00124663 1.46103 606.955 107.497 147223 375.597 0 1 251916 350.976
 3.79339 1.00303 0.00123735 1.46107 606.625 107.51 147257 375.635 0 1 251967 351.048
 3.85787 0.992498 0.00166834 1.46085 606.141 107.51 147269 375.679 0 1 252026 351.13
 3.89027 0.982811 0.00165494 1.46079 605.878 107.489 147285 375.708 0 1 252065 351.184
 3.91925 1.00806 0.00194632 1.46091 606.235 107.566 147267 375.669 0 1 252013 351.111
 3.94837 0.992632 0.00153227 1.46066 605.883 107.483 147267 375.702 0 1 252057 351.172
 3.97881 1.00356 0.00150888 1.46076 605.98 107.465 147272 375.695 0 1 252048 351.16
 4.04585 1.00073 0.00155886 1.46054 605.799 107.256 147262 375.71 0 1 252067 351.187
 4.07838 1.0085 0.00169764 1.46063 605.846 107.196 147270 375.709 0 1 252066 351.186
 4.10599 0.987835 0.00202722 1.46018 605.632 107.125 147232 375.718 0 1 252079 351.203
 4.14046 1.00773 0.00175204 1.46043 605.757 107.089 147254 375.713 0 1 252072 351.193
 4.17109 0.990418 0.00175479 1.46014 605.603 107.04 147231 375.723 0 1 252085 351.211
 4.20288 1.0116 0.00175591 1.46027 605.711 107.042 147237 375.713 0 1 252072 351.194
 4.23386 0.995404 0.00176248 1.46013 605.58 107.022 147233 375.726 0 1 252089 351.217
 4.26544 1.01605 0.00174442 1.46015 605.68 107.054 147225 375.713 0 1 252072 351.194
 4.29781 0.998659 0.00188166 1.46008 605.574 107.048 147228 375.725 0 1 252088 351.216
 4.32825 1.01893 0.00168814 1.4601 605.641 107.093 147222 375.715 0 1 252075 351.198
 4.36107 1.00461 0.00172705 1.46052 605.487 107.165 147291 375.749 0 1 252120 351.26
 4.38718 1.02894 0.00153484 1.46042 605.562 107.189 147268 375.733 0 1 252099 351.231
 4.41972 1.02091 0.00160597 1.45967 605.678 107.087 147168 375.701 0 1 252056 351.171
 4.43191 0.984972 0.00193927 1.45969 605.819 107.063 147163 375.693 0 1 252045 351.156
 4.46449 0.982224 0.00148461 1.46071 605.721 107.231 147302 375.738 0 1 252106 351.241
 4.48673 1.01404 0.00142736 1.46048 605.563 107.185 147278 375.739 0 1 252106 351.241
 4.51668 1.0027 0.00145743 1.46305 605.135 107.634 147640 375.87 0 1 252282 351.486
 4.54472 1.01919 0.00181635 1.46364 605.017 107.723 147724 375.899 0 1 252322 351.542
 4.5747 0.995851 0.00174545 1.46729 604.563 108.379 148214 376.054 0 1 252529 351.83
 4.60661 1.01108 0.00185167 1.46565 604.818 108.107 147979 375.966 0 1 252411 351.666
 4.6372 0.987765 0.00196385 1.45755 606.608 106.794 146817 375.527 0 1 251822 350.846
 4.67036 1.00526 0.00194227 1.45245 607.462 105.879 146105 375.272 0 1 251481 350.37
 4.70266 0.98434 0.00199735 1.43196 611.625 102.287 143232 374.213 0 1 250063 348.395
 4.73617 1.00421 0.00199735 1.42295 613.2 100.577 141978 373.749 0 1 249443 347.531
 4.76968 0.98434 0.00199735 1.38618 620.421 93.8862 136864 371.791 0 1 246837 343.9
 4.80319 1.00421 0.00199735 1.37447 622.527 91.5334 135253 371.167 0 1 246009 342.746
 4.8367 0.98434 0.00199735 1.32714 631.668 82.2768 128778 368.576 0 1 242586 337.978
 4.87021 1.00421 0.00199735 1.31604 633.66 79.846 127281 367.969 0 1 241788 336.865
 4.90372 0.98434 0.00199735 1.26593 643.242 69.3152 120545 365.119 0 1 238057 331.668
 4.93723 1.00421 0.00199735 1.25695 644.829 67.1689 119358 364.613 0 1 237398 330.749
 4.97074 0.98434 0.00199735 1.20835 654.043 56.2192 112942 361.739 0 1 233670 325.556
 5.00426 1.00421 0.00199735 1.20181 655.16 54.516 112097 361.362 0 1 233183 324.877
 5.03777 0.98434 0.00199735 1.15685 663.61 43.721 106262 358.604 0 1 229637 319.936
 5.07128 1.00421 0.00199735 1.15255 664.298 42.5094 105718 358.351 0 1 229314 319.486
 5.10479 0.98434 0.00199735 1.11233 671.796 32.2946 100581 355.8 0 1 226060 314.953
 5.1383 1.00421 0.00199735 1.10985 672.132 31.5618 100276 355.656 0 1 225877 314.698
 5.17181 0.98434 0.00199735 1.07514 678.562 22.3034 95904.6 353.387 0 1 223004 310.696
 5.20532 1.00421 0.00199735 1.07405 678.629 21.9932 95777.1 353.331 0 1 222934 310.597
 5.23883 0.98434 0.00199735 1.04554 683.902 14.0498 92226.4 351.416 0 1 220523 307.239
 5.27234 1.00421 0.00199735 1.0458 683.717 13.9589 92267.2 351.45 0 1 220566 307.299
 5.30585 0.98434 0.00199735 1.02406 687.746 7.69611 89582.7 349.956 0 1 218695 304.691
 5.33936 1.00421 0.00199735 1.02631 687.205 7.39469 89862.5 350.118 0 1 218897 304.973
 5.37287 0.98434 0.00199735 1.01143 689.989 3.03656 88038 349.085 0 1 217608 303.177
 5.40638 1.00421 0.00199735 1.01455 689.292 2.61399 88423.8 349.31 0 1 217889 303.569
 5.43989 0.98434 0.00199735 1.00439 691.244 0.259796 87180.9 348.596 0 1 216999 302.328
 5.4734 1.00421 0.00199735 0.998045 692.165 2.29121 86415.4 348.164 0 1 216462 301.58
 5.50691 0.98434 0.00199735 0.992032 693.38 0.942893 85681.3 347.732 0 1 215924 300.831
 5.54043 1.00421 0.00199735 0.974116 696.391 6.38858 83530.8 346.483 0 1 214376 298.674
 5.57394 0.98434 0.00199735 0.974512 696.466 4.83374 83572.3 346.499 0 1 214395 298.701
 5.60745 1.00421 0.00199735 0.985546 694.675 3.76149 84925.3 347.332 0 1 215427 300.139
 5.64096 0.98434 0.00199735 0.990751 694.001 1.89266 85556.8 347.703 0 1 215889 300.782
 5.67447 1.00421 0.00199735 1.09192 673.372 -27.1554 98418.5 355.228 0 1 225333 313.941
 5.70798 0.98434 0.00199735 1.10661 671.455 -31.6715 100217 356.071 0 1 226405 315.434
 5.74149 1.00421 0.00199735 1.32428 626.756 -81.2855 129697 370.287 0 1 244844 341.124
 5.775 0.98434 0.00199735 1.34312 623.584 -85.5758 132384 371.471 0 1 246411 343.307
 5.80851 1.00421 0.00199735 1.45185 602.297 -106.352 147480 377.112 0 1 253952 353.813
 5.84202 0.98434 0.00199735 1.45916 601.93 -105.663 148789 377.832 0 1 254924 355.167
 5.87553 1.00421 0.00199735 1.46655 599.507 -109.326 149449 377.713 0 1 254763 354.943
 5.90904 0.98434 0.00199735 1.46717 599.619 -108.852 149572 377.788 0 1 254864 355.083
 5.94255 1.00421 0.00199735 1.45924 600.971 -107.843 148339 377.25 0 1 254139 354.073
 5.97606 0.98434 0.00199735 1.45879 601.212 -107.313 148327 377.292 0 1 254195 354.151
 6.00957 1.00421 0.00199735 1.45409 602.154 -106.518 147555 376.917 0 1 253690 353.448
 6.04309 0.98434 0.00199735 1.45378 602.194 -106.39 147555 376.956 0 1 253742 353.521
 6.0766 1.00421 0.00199735 1.45446 602.28 -106.414 147549 376.862 0 1 253616 353.344
 6.11011 0.98434 0.00199735 1.45435 602.187 -106.477 147583 376.919 0 1 253692 353.451
 6.14362 1.00421 0.00199735 1.45695 602.03 -106.827 147835 376.903 0 1 253672 353.422
 6.17713 0.98434 0.00199735 1.45676 601.89 -106.886 147864 376.965 0 1 253754 353.537
 6.21064 1.00421 0.00199735 1.45873 601.949 -107.142 148020 376.91 0 1 253680 353.434
 6.24415 0.98434 0.00199735 1.45798 601.868 -107.124 147976 376.951 0 1 253735 353.511
 6.27766 1.00421 0.00199735 1.45789 602.399 -107.031 147828 376.773 0 1 253496 353.178
 6.31117 0.98434 0.00199735 1.45645 602.423 -106.916 147677 376.768 0 1 253489 353.168
 6.34468 1.00421 0.00199735 1.45391 603.441 -106.409 147205 376.493 0 1 253119 352.653
 6.37819 0.98434 0.00199735 1.45168 603.576 -106.154 146948 376.453 0 1 253066 352.578
 6.4117 1.00421 0.00199735 1.44642 605.165 -105.18 146090 376.034 0 1 252503 351.795
 6.44521 0.98434 0.00199735 1.44346 605.413 -104.757 145737 375.964 0 1 252408 351.662
 6.47872 1.00421 0.00199735 1.43567 607.531 -103.323 144519 375.404 0 1 251657 350.615
 6.51223 0.98434 0.00199735 1.43228 607.846 -102.776 144105 375.31 0 1 251531 350.44
 6.54574 1.00421 0.00199735 1.42269 610.32 -101.002 142642 374.657 0 1 250656 349.221
 6.57926 0.98434 0.00199735 1.41903 610.677 -100.383 142191 374.546 0 1 250508 349.015
 6.61277 1.00421 0.00199735 1.40822 613.372 -98.3614 140570 373.832 0 1 249554 347.685
 6.64628 0.98434 0.00199735 1.40434 613.765 -97.7261 140088 373.706 0 1 249385 347.45
 6.67979 1.00421 0.00199735 1.39277 616.58 -95.5209 138376 372.954 0 1 248384 346.055
 6.7133 0.98434 0.00199735 1.38899 616.964 -94.847 137908 372.829 0 1 248216 345.822
 6.74681 1.00421 0.00199735 1.37696 619.835 -92.4982 136148 372.057 0 1 247190 344.392
 6.78032 0.98434 0.00199735 1.37414 620.084 -91.6343 135812 371.978 0 1 247085 344.245
 6.81383 1.00421 0.00199735 1.36171 622.993 -89.1998 134013 371.189 0 1 246038 342.787
 6.84734 0.98434 0.00199735 1.35977 623.112 -88.1917 133794 371.151 0 1 245987 342.716
 6.88085 1.00421 0.00199735 1.34674 626.074 -85.7736 131930 370.334 0 1 244906 341.21
 6.91436 0.98434 0.00199735 1.34017 626.865 -85.8572 131075 370.036 0 1 244512 340.661
 6.94787 1.00421 0.00199735 1.32717 629.745 -83.4564 129234 369.223 0 1 243439 339.166
 6.98138 0.98434 0.00199735 1.30819 632.367 -86.4026 126700 368.229 0 1 242129 337.341
 7.01489 1.00421 0.00199735 1.29807 634.648 -83.5866 125276 367.577 0 1 241273 336.148
 7.0484 0.98434 0.00199735 1.28691 636.413 -85.0467 123774 366.948 0 1 240449 334.999
 7.08191 1.00421 0.00199735 1.27896 638.599 -80.25 122639 366.396 0 1 239724 333.991
 7.11543 0.98434 0.00199735 1.34424 628.629 -64.8032 131633 370.262 0 1 244810 341.076
 7.14894 1.00421 0.00199735 1.33788 631.218 -58.4541 130703 369.827 0 1 244235 340.275
 7.18245 0.98434 0.00199735 1.55577 595.443 -13.4601 162227 382.079 0 1 260686 363.195
 7.21596 1.00421 0.00199735 1.56338 595.601 -5.43026 163326 382.437 0 1 261175 363.876
 7.24947 0.98434 0.00199735 1.76371 562.382 30.3884 193427 391.84 0 1 274175 381.989
 7.28298 1.00421 0.00199735 1.77129 561.722 34.2956 194524 392.108 0 1 274552 382.513
 7.31649 0.98434 0.00199735 1.80873 554.676 44.0537 200349 393.795 0 1 276919 385.812
 7.35 1.00421 0.00199735 1.7988 556.29 46.1483 198816 393.367 0 1 276317 384.972
 7.38351 0.98434 0.00199735 1.78132 558.695 45.6866 196148 392.632 0 1 275286 383.535
 7.41702 1.00421 0.00199735 1.76302 561.693 47.671 193276 391.764 0 1 274070 381.841
 7.45053 0.98434 0.00199735 1.74354 564.411 45.7737 190378 390.981 0 1 272976 380.317
 7.48404 1.00421 0.00199735 1.72516 567.419 48.0015 187512 390.089 0 1 271731 378.584
 7.51755 0.98434 0.00199735 1.71223 569.051 46.7966 185634 389.594 0 1 271042 377.623
 7.55106 1.00421 0.00199735 1.69458 571.948 49.2132 182896 388.719 0 1 269826 375.929
 7.58457 0.98434 0.00199735 1.68431 573.129 48.3456 181437 388.344 0 1 269305 375.203
 7.61809 1.00421 0.00199735 1.66721 575.948 50.7606 178798 387.48 0 1 268109 373.537
 7.6516 0.98434 0.00199735 1.65676 577.164 49.7889 177324 387.096 0 1 267577 372.796
 7.68511 1.00421 0.00199735 1.64004 579.937 52.1462 174757 386.237 0 1 266390 371.142
 7.71862 0.98434 0.00199735 1.62892 581.277 50.9738 173196 385.818 0 1 265814 370.339
 7.75213 1.00421 0.00199735 1.61264 583.993 53.2757 170709 384.966 0 1 264641 368.705
 7.78564 0.98434 0.00199735 1.60126 585.395 51.9586 169120 384.531 0 1 264043 367.872
 7.81915 1.00421 0.00199735 1.58547 588.041 54.2196 166722 383.691 0 1 262891 366.266
 7.85266 0.98434 0.00199735 1.57416 589.45 52.8164 165157 383.254 0 1 262293 365.433
 7.88617 1.00421 0.00199735 1.55895 592.013 55.0352 162858 382.43 0 1 261165 363.863
 7.91968 0.98434 0.00199735 1.54782 593.413 53.5723 161328 381.996 0 1 260574 363.038
 7.95319 1.00421 0.00199735 1.53308 595.906 55.7662 159113 381.184 0 1 259466 361.496
 7.9867 0.98434 0.00199735 1.52212 597.3 54.2514 157618 380.753 0 1 258880 360.679
 8.02021 1.00421 0.00199735 1.50777 599.732 56.4334 155475 379.95 0 1 257789 359.159
 8.05372 0.98434 0.00199735 1.497 601.119 54.8686 154017 379.522 0 1 257209 358.35
 8.08723 1.00421 0.00199735 1.48308 603.483 57.0332 151948 378.73 0 1 256137 356.857
 8.12074 0.98434 0.00199735 1.47254 604.861 55.4232 150531 378.306 0 1 255564 356.058
 8.15426 1.00421 0.00199735 1.45911 607.146 57.5544 148547 377.531 0 1 254517 354.601
 8.18777 0.98434 0.00199735 1.44882 608.512 55.9072 147173 377.112 0 1 253953 353.814
 8.22128 1.00421 0.00199735 1.43592 610.71 57.9943 145278 376.356 0 1 252936 352.397
 8.25479 0.98434 0.00199735 1.42587 612.065 56.3165 143944 375.942 0 1 252380 351.622
 8.2883 1.00421 0.00199735 1.41347 614.18 58.3591 142134 375.205 0 1 251391 350.245
 8.32181 0.98434 0.00199735 1.40366 615.528 56.6537 140838 374.795 0 1 250842 349.48
 8.35532 1.00421 0.00199735 1.39173 617.564 58.6531 139106 374.076 0 1 249880 348.14
 8.38883 0.98434 0.00199735 1.38212 618.909 56.92 137845 373.669 0 1 249336 347.382
 8.42234 1.00421 0.00199735 1.37063 620.871 58.8794 136186 372.966 0 1 248400 346.077
 8.45585 0.98434 0.00199735 1.36121 622.216 57.1183 134956 372.561 0 1 247860 345.325
 8.48936 1.00421 0.00199735 1.35014 624.106 59.0361 133366 371.876 0 1 246949 344.056
 8.52287 0.98434 0.00199735 1.34091 625.451 57.2475 132167 371.472 0 1 246413 343.309
 8.55638 1.00421 0.00199735 1.3303 627.261 59.1119 130652 370.807 0 1 245531 342.081
 8.58989 0.98434 0.00199735 1.32127 628.605 57.2978 129484 370.404 0 1 244999 341.339
 8.6234 1.00421 0.00199735 1.31119 630.325 59.0891 128053 369.765 0 1 244153 340.161
 8.65691 0.98434 0.00199735 1.30236 631.668 57.2525 126915 369.364 0 1 243625 339.424
 8.69043 1.00421 0.00199735 1.2929 633.285 58.9446 125578 368.755 0 1 242822 338.307
 8.72394 0.98434 0.00199735 1.28426 634.626 57.0894 124469 368.356 0 1 242297 337.575
 8.75745 1.00421 0.00199735 1.2755 636.129 58.658 123236 367.784 0 1 241545 336.527
 8.79096 0.98434 0.00199735 1.26703 637.47 56.7872 122153 367.386 0 1 241022 335.799
 8.82447 1.00421 0.00199735 1.25904 638.848 58.208 121033 366.856 0 1 240327 334.83
 8.85798 0.98434 0.00199735 1.25072 640.192 56.3244 119971 366.457 0 1 239805 334.102
 8.89149 1.00421 0.00199735 1.24354 641.44 57.5809 118967 365.972 0 1 239170 333.219
 8.925 0.98434 0.00199735 1.23533 642.79 55.6873 117923 365.571 0 1 238647 332.489
 8.95851 1.00421 0.00199735 1.22895 643.909 56.7751 117033 365.132 0 1 238074 331.691
 8.99202 0.98434 0.00199735 1.22085 645.265 54.8738 116004 364.729 0 1 237548 330.959
 9.02553 1.00421 0.00199735 1.21522 646.263 55.7993 115219 364.334 0 1 237034 330.242
 9.05904 0.98434 0.00199735 1.20722 647.623 53.8897 114206 363.928 0 1 236507 329.507
 9.09255 1.00421 0.00199735 1.2024 648.49 54.6316 113534 363.582 0 1 236057 328.881
 9.12606 0.98434 0.00199735 1.19454 649.846 52.7081 112540 363.176 0 1 235530 328.147
 9.15957 1.00421 0.00199735 1.19106 650.5 53.1331 112049 362.912 0 1 235188 327.67
 9.19309 0.98434 0.00199735 1.18329 651.86 51.2024 111068 362.504 0 1 234659 326.933
 9.2266 1.00421 0.00199735 1.18167 652.213 51.1758 110825 362.355 0 1 234466 326.664
 9.26011 0.98434 0.00199735 1.17379 653.607 49.2866 109830 361.933 0 1 233921 325.905
 9.29362 1.00421 0.00199735 1.17292 653.834 49.0892 109686 361.831 0 1 233789 325.721
 9.32713 0.98434 0.00199735 1.16472 655.289 47.3152 108651 361.384 0 1 233211 324.916
 9.36064 1.00421 0.00199735 1.16029 656.076 48.0402 108046 361.064 0 1 232799 324.341
 9.39415 0.98434 0.00199735 1.15221 657.509 46.3373 107026 360.615 0 1 232220 323.535
 9.42766 1.00421 0.00199735 1.14007 659.517 49.0628 105429 359.814 0 1 231189 322.099
 9.46117 0.98434 0.00199735 1.13392 660.598 47.0303 104664 359.477 0 1 230757 321.497
 9.49468 1.00421 0.00199735 1.12697 661.884 48.6883 103741 358.991 0 1 230133 320.627
 9.52819 0.98434 0.00199735 1.12352 662.679 45.342 103308 358.789 0 1 229874 320.267
 9.5617 1.00421 0.00199735 1.16233 656.342 35.29 108351 361.258 0 1 233048 324.689
 9.59521 0.98434 0.00199735 1.16117 657.137 30.5822 108217 361.215 0 1 232993 324.612
 9.62872 1.00421 0.00199735 1.30609 631.087 -3.72048 128002 370.414 0 1 245011 341.356
 9.66223 0.98434 0.00199735 1.31341 630.436 -9.79676 129044 370.878 0 1 245627 342.214
 9.6952 1.00317 0.00189607 1.4826 599.904 -44.9679 153003 380.104 0 1 257998 359.45
 9.72871 0.983303 0.00189307 1.48925 598.083 -48.833 154136 380.655 0 1 258747 360.494
 9.76091 1.00121 0.00178074 1.54996 587.874 -61.9033 162767 383.431 0 1 262534 365.769
 9.79823 0.982089 0.00207654 1.55037 587.414 -63.6861 163003 383.659 0 1 262846 366.205
 9.82794 1.00421 0.00192313 1.5374 590.088 -62.7364 160864 382.737 0 1 261584 364.447
 9.865 0.99584 0.00197026 1.52423 592.313 -63.0972 158953 382.096 0 1 260710 363.229
 9.88879 1.02587 0.00170538 1.50851 595.378 -58.9593 156538 381.154 0 1 259426 361.44
 9.92667 1.02118 0.00178996 1.49595 597.361 -58.8904 154716 380.516 0 1 258558 360.231
 9.94084 0.988096 0.00178676 1.49114 597.37 -61.282 154147 380.427 0 1 258438 360.062
 9.98071 0.980587 0.00207454 1.47787 599.456 -61.4825 152238 379.758 0 1 257529 358.797
 10.0061 1.01216 0.00241101 1.47571 600.487 -59.8636 151794 379.483 0 1 257156 358.276
 10.047 1.01165 0.00241816 1.4662 602.089 -60.1746 150409 378.969 0 1 256460 357.308
 10.0673 0.976978 0.00232665 1.45772 602.87 -62.5022 149322 378.695 0 1 256089 356.79
 10.1086 0.980539 0.00202467 1.44883 604.411 -62.5993 148017 378.191 0 1 255408 355.842
 10.1275 1.01521 0.00199735 1.44887 605.117 -60.7111 147880 378.01 0 1 255164 355.501
 10.1667 1.01521 0.00199735 1.43999 606.637 -60.9874 146594 377.523 0 1 254506 354.585
 10.1863 0.98125 0.00199735 1.43192 607.253 -63.1986 145576 377.268 0 1 254163 354.106
 10.2255 0.98125 0.00199735 1.42328 608.729 -63.4274 144330 376.788 0 1 253516 353.206
 10.2451 1.01521 0.00199735 1.42204 609.685 -61.3815 144012 376.536 0 1 253178 352.734
 10.2843 1.01521 0.00199735 1.41329 611.188 -61.5487 142755 376.049 0 1 252524 351.823
 10.3039 0.98125 0.00199735 1.40603 611.629 -63.6967 141859 375.833 0 1 252232 351.417
 10.3432 0.98125 0.00199735 1.39752 613.097 -63.8304 140640 375.352 0 1 251588 350.519
 10.3628 1.01521 0.00199735 1.39623 614.113 -61.8013 140317 375.095 0 1 251243 350.039
 10.402 1.01521 0.00199735 1.3881 615.505 -61.9438 139161 374.638 0 1 250632 349.187
 10.4216 0.98125 0.00199735 1.3812 615.872 -64.0773 138319 374.435 0 1 250360 348.809
 10.4608 0.98125 0.00199735 1.37206 617.507 -64.1039 137001 373.886 0 1 249627 347.787
 10.4804 1.01521 0.00199735 1.36913 618.798 -62.1672 136459 373.545 0 1 249171 347.152
