# t = 1
# 1:pos.x 2:pos.y 3:pos.z 4:n.x 5:n.y 6:n.z 7:area 8:cellWidthNormalToSurface 9:outsign 10:p 11:rho 12:T 13:velx 14:vely 15:velz 16:mu 17:a 18:Re 19:y+ 20:tau_wall_x 21:tau_wall_y 22:tau_wall_z 23:q_total 24:q_cond 25:q_diff
-3.8090599974967186e-02 5.9837496043834391e-04 0.0000000000000000e+00 9.9987663248166070e-01 -1.5707317311812335e-02 0.0000000000000000e+00 1.1968975791607351e-03 8.4613124821990198e-05 1 3.5852560310785462e+04 2.9691676422567131e-01 4.2057877680208856e+02 0.0000000000000000e+00 0.0000000000000000e+00 0.0000000000000000e+00 2.3703252027063654e-05 7.1261090762442484e+02 7.5529565190318442e+02 1.7747669321436981e+00 8.8843010707511838e-01 3.2093303174683174e+00 0.0000000000000000e+00 -3.9402646510321816e+05 -3.9402646510321816e+05 0.0000000000000000e+00
-3.8053009151525756e-02 1.7945343574717635e-03 0.0000000000000000e+00 9.9888987496196935e-01 -4.7106450709656703e-02 0.0000000000000000e+00 1.1968975791607360e-03 8.4853400359184345e-05 1 3.5775758670497911e+04 2.9647557786175582e-01 4.2030235713671306e+02 0.0000000000000000e+00 0.0000000000000000e+00 0.0000000000000000e+00 2.3692207798521753e-05 7.1296227225688233e+02 7.5704063388480961e+02 3.0732918654195314e+00 1.4633438681574291e+00 9.8262552586435152e+00 0.0000000000000000e+00 -3.9335670879389555e+05 -3.9335670879389555e+05 0.0000000000000000e+00
-3.7977864602247238e-02 2.9889227657511172e-03 0.0000000000000000e+00 9.9691733373312796e-01 -7.8459095727846359e-02 0.0000000000000000e+00 1.1968975791607356e-03 8.5332993988360508e-05 1 3.5643601027836543e+04 2.9579624900725332e-01 4.1971144200914966e+02 0.0000000000000000e+00 0.0000000000000000e+00 0.0000000000000000e+00 2.3668585262757645e-05 7.1327805360406080e+02 7.6066985888208069e+02 3.9702715706368532e+00 2.3220278407582895e+00 1.6233812093453583e+01 0.0000000000000000e+00 -3.9155308845799486e+05 -3.9155308845799486e+05 0.0000000000000000e+00
-3.7865240485729465e-02 4.1803614681176927e-03 0.0000000000000000e+00 9.9396095545518048e-01 -1.0973431109103687e-01 0.0000000000000000e+00 1.1968975791607341e-03 8.6050033458673038e-05 1 3.5432010071362070e+04 2.9466632167942586e-01 4.1881978202786445e+02 0.0000000000000000e+00 0.0000000000000000e+00 0.0000000000000000e+00 2.3632907075621619e-05 7.1361164507753631e+02 7.6564301801774752e+02 4.7222659864043095e+00 3.6018884491772787e+00 2.2547091957398642e+01 0.0000000000000000e+00 -3.8869424128138972e+05 -3.8869424128138972e+05 0.0000000000000000e+00
-3.7715247948378175e-02 5.3676746584163928e-03 0.0000000000000000e+00 9.9002365771655720e-01 -1.4090123193758522e-01 0.0000000000000000e+00 1.1968975791607351e-03 8.7001813353146704e-05 1 3.5157409133283400e+04 2.9321674464736081e-01 4.1762836957541344e+02 0.0000000000000000e+00 0.0000000000000000e+00 0.0000000000000000e+00 2.3585172660217848e-05 7.1397802806588425e+02 7.7225878867036670e+02 5.3861360650739263e+00 5.2678002272827804e+00 2.8602499898951894e+01 0.0000000000000000e+00 -3.8484176774727501e+05 -3.8484176774727501e+05 0.0000000000000000e+00
-3.7528035014718887e-02 6.5496906018744508e-03 0.0000000000000000e+00 9.8510932615477409e-01 -1.7192910027940886e-01 0.0000000000000000e+00 1.1968975791607354e-03 8.8184908980642893e-05 1 3.4810630275658885e+04 2.9135239404333041e-01 4.1615507300139450e+02 0.0000000000000000e+00 0.0000000000000000e+00 0.0000000000000000e+00 2.3526045724270793e-05 7.1437821566092282e+02 7.8017517657897235e+02 5.9995266871578465e+00 7.3028916084164885e+00 3.4404461665392660e+01 0.0000000000000000e+00 -3.8006507596659922e+05 -3.8006507596659922e+05 0.0000000000000000e+00
-3.7303786441314657e-02 7.7252427914621885e-03 0.0000000000000000e+00 9.7922281062176753e-01 -2.0278729535650417e-01 0.0000000000000000e+00 1.1968975791607336e-03 8.9595313613371707e-05 1 3.4398742118647351e+04 2.8911722696144299e-01 4.1441025080482126e+02 0.0000000000000000e+00 0.0000000000000000e+00 0.0000000000000000e+00 2.3455879936866713e-05 7.1479578855655927e+02 7.8938618003414354e+02 6.5779031927491705e+00 9.6682031519942804e+00 3.9873892472275884e+01 0.0000000000000000e+00 -3.7441815931171656e+05 -3.7441815931171656e+05 0.0000000000000000e+00
-3.7042723534433560e-02 8.8931710990946180e-03 0.0000000000000000e+00 9.7236992039767434e-01 -2.3344536385591497e-01 0.0000000000000000e+00 1.1968975791607380e-03 9.1228589164314423e-05 1 3.3919889296679386e+04 2.8647396363111932e-01 4.1241187964419379e+02 0.0000000000000000e+00 0.0000000000000000e+00 0.0000000000000000e+00 2.3375327919987275e-05 7.1519745419293679e+02 7.9962131699186727e+02 7.1326986045017922e+00 1.2328361640740866e+01 4.4978619067051305e+01 0.0000000000000000e+00 -3.6794059571299126e+05 -3.6794059571299126e+05 0.0000000000000000e+00
-3.6745103931646178e-02 1.0052322920537799e-02 0.0000000000000000e+00 9.6455741845779841e-01 -2.6387304996537225e-01 0.0000000000000000e+00 1.1968975791607351e-03 9.3080020551089676e-05 1 3.3378046674293553e+04 2.8343588737513992e-01 4.1017385776382423e+02 0.0000000000000000e+00 0.0000000000000000e+00 0.0000000000000000e+00 2.3284873351857501e-05 7.1553676874839550e+02 8.1071719367251228e+02 7.6687772712952995e+00 1.5234005337302664e+01 4.9654485012039522e+01 0.0000000000000000e+00 -3.6066182564693649e+05 -3.6066182564693649e+05 0.0000000000000000e+00
-3.6411221347568433e-02 1.1201554312890062e-02 0.0000000000000000e+00 9.5579301479832890e-01 -2.9404032523230772e-01 0.0000000000000000e+00 1.1968975791607321e-03 9.5144765100925224e-05 1 3.2777947639236940e+04 2.8001593987643686e-01 4.0771895316447865e+02 0.0000000000000000e+00 0.0000000000000000e+00 0.0000000000000000e+00 2.3185356141413783e-05 7.1578943481678789e+02 8.2250617093820688e+02 8.1897565401924677e+00 1.8337258826540399e+01 5.3859341495107415e+01 0.0000000000000000e+00 -3.5265650888369262e+05 -3.5265650888369262e+05 0.0000000000000000e+00
-3.6041405284000669e-02 1.2339731123515545e-02 0.0000000000000000e+00 9.4608535882754785e-01 -3.2391741819814196e-01 0.0000000000000000e+00 1.1968975791607358e-03 9.7417990100583354e-05 1 3.2123927966436961e+04 2.7622364425850621e-01 4.0506963650703824e+02 0.0000000000000000e+00 0.0000000000000000e+00 0.0000000000000000e+00 2.3077606563354187e-05 7.1594239711762941e+02 8.3480940311536858e+02 8.6986760077554006e+00 2.1596521961808719e+01 5.7573281506881372e+01 0.0000000000000000e+00 -3.4401536503007694e+05 -3.4401536503007694e+05 0.0000000000000000e+00
-3.5636020704749180e-02 1.3465730109315913e-02 0.0000000000000000e+00 9.3544403082986738e-01 -3.5347484377925720e-01 0.0000000000000000e+00 1.1968975791607347e-03 9.9894993642178861e-05 1 3.1419073879487834e+04 2.7205543730162168e-01 4.0225168024585645e+02 0.0000000000000000e+00 0.0000000000000000e+00 0.0000000000000000e+00 2.2962594563689144e-05 7.1598435655484991e+02 8.4739073143774021e+02 9.1973959302066639e+00 2.4968199673149122e+01 6.0790573148918753e+01 0.0000000000000000e+00 -3.3483379619820736e+05 -3.3483379619820736e+05 0.0000000000000000e+00
-3.5195467675451030e-02 1.4578440045235681e-02 0.0000000000000000e+00 9.2387953251128707e-01 -3.8268343236508912e-01 0.0000000000000000e+00 1.1968975791607351e-03 1.0257130595682196e-04 1 3.0667236425478695e+04 2.6751542108094800e-01 3.9928934078568892e+02 0.0000000000000000e+00 0.0000000000000000e+00 0.0000000000000000e+00 2.2841236769361862e-05 7.1590218058793312e+02 8.6002044732280240e+02 9.6867473220318630e+00 2.8409705651785625e+01 6.3510625270560816e+01 0.0000000000000000e+00 -3.2519984673017293e+05 -3.2519984673017293e+05 0.0000000000000000e+00
-3.4720180968757508e-02 1.5676762820907204e-02 0.0000000000000000e+00 9.1140327663544285e-01 -4.1151435860511426e-01 0.0000000000000000e+00 1.1968975791607425e-03 1.0544277023620390e-04 1 2.9872526870229438e+04 2.6261028297390387e-01 3.9620698736240433e+02 0.0000000000000000e+00 0.0000000000000000e+00 0.0000000000000000e+00 2.2714464622160634e-05 7.1568153891145187e+02 8.7246064263401922e+02 1.0166800327969751e+01 3.1881021924303536e+01 6.5738686801226592e+01 0.0000000000000000e+00 -3.1519597069607669e+05 -3.1519597069607669e+05 0.0000000000000000e+00
-3.4210629635266075e-02 1.6759614524352998e-02 0.0000000000000000e+00 8.9802757576061798e-01 -4.3993916985591031e-01 0.0000000000000000e+00 1.1968975791607265e-03 1.0850560338922996e-04 1 2.9039273468269781e+04 2.5735029319266456e-01 3.9302753427979718e+02 0.0000000000000000e+00 0.0000000000000000e+00 0.0000000000000000e+00 2.2583161508363406e-05 7.1530785831388437e+02 8.8447403773718645e+02 1.0637073026729333e+01 3.5344719527322994e+01 6.7485141863702111e+01 0.0000000000000000e+00 -3.0489922333267599e+05 -3.0489922333267599e+05 0.0000000000000000e+00
-3.3667316540624007e-02 1.7825926511676041e-02 0.0000000000000000e+00 8.8376563008869524e-01 -4.6792981426056995e-01 0.0000000000000000e+00 1.1968975791607414e-03 1.1175643822031810e-04 1 2.8171999338460224e+04 2.5174924936996979e-01 3.8977266881302808e+02 0.0000000000000000e+00 0.0000000000000000e+00 0.0000000000000000e+00 2.2448172632627258e-05 7.1476721784123936e+02 8.9582745516895113e+02 1.1096659909972933e+01 3.8767485401426711e+01 6.8764048269692694e+01 0.0000000000000000e+00 -2.9437766388800670e+05 -2.9437766388800670e+05 0.0000000000000000e+00
-3.3090777869260721e-02 1.8874646461682253e-02 0.0000000000000000e+00 8.6863151443818842e-01 -4.9545866843241237e-01 0.0000000000000000e+00 1.1968975791607440e-03 1.1519234916764009e-04 1 2.7275271500272083e+04 2.4582353869855550e-01 3.8646263764859350e+02 0.0000000000000000e+00 0.0000000000000000e+00 0.0000000000000000e+00 2.2310296373044299e-05 7.1404700737317285e+02 9.0629287367100846e+02 1.1544319875769423e+01 4.2118458091308561e+01 6.9593250196862925e+01 0.0000000000000000e+00 -2.8369409327414702e+05 -2.8369409327414702e+05 0.0000000000000000e+00
-3.2481582595238506e-02 1.9904739414394461e-02 0.0000000000000000e+00 8.5264016435409129e-01 -5.2249856471595058e-01 0.0000000000000000e+00 1.1968975791607273e-03 1.1881086405994552e-04 1 2.6353523066442671e+04 2.3959025478722182e-01 3.8311700607850025e+02 0.0000000000000000e+00 0.0000000000000000e+00 0.0000000000000000e+00 2.2170315898742402e-05 7.1313555809711625e+02 9.1564159667308684e+02 1.1978633711299024e+01 4.5369401669404127e+01 6.9996043364334668e+01 0.0000000000000000e+00 -2.7291325482994562e+05 -2.7291325482994562e+05 0.0000000000000000e+00
-3.1840331920743786e-02 2.0915188792432968e-02 0.0000000000000000e+00 8.3580736136826850e-01 -5.4902281799813457e-01 0.0000000000000000e+00 1.1968975791607330e-03 1.2260996441653473e-04 1 2.5411143148711133e+04 2.3306862107138124e-01 3.7975394447680412e+02 0.0000000000000000e+00 0.0000000000000000e+00 0.0000000000000000e+00 2.2028969349852340e-05 7.1202214334802204e+02 9.2365310498099564e+02 1.2398066199094478e+01 4.8496363802622682e+01 6.9998828373542352e+01 0.0000000000000000e+00 -2.6209549856444210e+05 -2.6209549856444210e+05 0.0000000000000000e+00
-3.1167658682773144e-02 2.1904997404254695e-02 0.0000000000000000e+00 8.1814971742502351e-01 -5.7500525204327846e-01 0.0000000000000000e+00 1.1968975791607306e-03 1.2658807670041638e-04 1 2.4452544143774652e+04 2.2628059565310504e-01 3.7639048478453304e+02 0.0000000000000000e+00 0.0000000000000000e+00 0.0000000000000000e+00 2.1886960029864738e-05 7.1069726590552284e+02 9.3012071051736200e+02 1.2800967663346324e+01 5.1478655421369190e+01 6.9629897368172777e+01 0.0000000000000000e+00 -2.5129921844727412e+05 -2.5129921844727412e+05 0.0000000000000000e+00
-3.0464226728599646e-02 2.2873188428260804e-02 0.0000000000000000e+00 7.9968465848709147e-01 -6.0042022532588279e-01 0.0000000000000000e+00 1.1968975791607321e-03 1.3074405670881529e-04 1 2.3482082870306022e+04 2.1925056410508276e-01 3.7304205467382127e+02 0.0000000000000000e+00 0.0000000000000000e+00 0.0000000000000000e+00 2.1744935975450022e-05 7.0915253623189028e+02 9.3485488697227606e+02 1.3185593499926851e+01 5.4299011344103967e+01 6.8917992055234905e+01 0.0000000000000000e+00 -2.4057571717434365e+05 -2.4057571717434365e+05 0.0000000000000000e+00
-2.9730730260635687e-02 2.3818806376801734e-02 0.0000000000000000e+00 7.8043040733833424e-01 -6.2524265633569942e-01 0.0000000000000000e+00 1.1968975791607388e-03 1.3507716900059831e-04 1 2.2504051993038447e+04 2.1200544894055001e-01 3.6972225808074711e+02 0.0000000000000000e+00 0.0000000000000000e+00 0.0000000000000000e+00 2.1603479322157560e-05 7.0738089256215153e+02 9.3768851418014560e+02 1.3550154138264416e+01 5.6943284716461918e+01 6.7891635585332651e+01 0.0000000000000000e+00 -2.2996792555796442e+05 -2.2996792555796442e+05 0.0000000000000000e+00
-2.8967893151339040e-02 2.4740918039128104e-02 0.0000000000000000e+00 7.6040596560002971e-01 -6.4944804833018510e-01 0.0000000000000000e+00 1.1968975791607343e-03 1.3958706295745670e-04 1 2.1522672032783583e+04 2.0457437035211307e-01 3.6644336473809574e+02 0.0000000000000000e+00 0.0000000000000000e+00 0.0000000000000000e+00 2.1463125676362889e-05 7.0537673414101369e+02 9.3847899121535761e+02 1.3892890368245704e+01 5.9400353869005755e+01 6.6579347906539397e+01 0.0000000000000000e+00 -2.1951323944040193e+05 -2.1951323944040193e+05 0.0000000000000000e+00
-2.8176468228838143e-02 2.5638613402357083e-02 0.0000000000000000e+00 7.3963109497860646e-01 -6.7301251350977687e-01 0.0000000000000000e+00 1.1968975791607395e-03 1.4427374678118091e-04 1 2.0542193974644208e+04 1.9698977919064514e-01 3.6321604904708101e+02 0.0000000000000000e+00 0.0000000000000000e+00 0.0000000000000000e+00 2.1324351590153185e-05 7.0313680038549273e+02 9.3711954945405523e+02 1.4212186211087241e+01 6.1661914616663999e+01 6.5009470927604937e+01 0.0000000000000000e+00 -2.0924550880223478e+05 -2.0924550880223478e+05 0.0000000000000000e+00
-2.7357236533981616e-02 2.6511006549545243e-02 0.0000000000000000e+00 7.1812629776319115e-01 -6.9591279659231209e-01 0.0000000000000000e+00 1.1968975791607321e-03 1.4913756045951696e-04 1 1.9567079484799455e+04 1.8928873503425145e-01 3.6005026737551708e+02 0.0000000000000000e+00 0.0000000000000000e+00 0.0000000000000000e+00 2.1187610928945930e-05 7.0066062235385459e+02 9.3354987454516720e+02 1.4506584432742557e+01 6.3721412353787834e+01 6.3209363801302601e+01 0.0000000000000000e+00 -1.9919481126274215e+05 -1.9919481126274215e+05 0.0000000000000000e+00
# t = 1
# 1:pos.x 2:pos.y 3:pos.z 4:n.x 5:n.y 6:n.z 7:area 8:cellWidthNormalToSurface 9:outsign 10:p 11:rho 12:T 13:velx 14:vely 15:velz 16:mu 17:a 18:Re 19:y+ 20:tau_wall_x 21:tau_wall_y 22:tau_wall_z 23:q_total 24:q_cond 25:q_diff
-2.6511006549545246e-02 2.7357236533981609e-02 0.0000000000000000e+00 6.9591279659230909e-01 -7.1812629776319381e-01 0.0000000000000000e+00 1.1968975791607373e-03 1.5417914849641149e-04 1 1.8603351181273545e+04 1.8152672969148534e-01 3.5695420165654565e+02 0.0000000000000000e+00 0.0000000000000000e+00 0.0000000000000000e+00 2.1053288111679184e-05 6.9795859551666706e+02 9.2784611309829177e+02 1.4775271227740017e+01 6.5575217790987082e+01 6.1200322757418590e+01 0.0000000000000000e+00 -1.8939400357010617e+05 -1.8939400357010617e+05 0.0000000000000000e+00
-2.5638613402357083e-02 2.8176468228838136e-02 0.0000000000000000e+00 6.7301251350977687e-01 -7.3963109497860646e-01 0.0000000000000000e+00 1.1968975791607395e-03 1.5939943300134483e-04 1 1.7656375807600954e+04 1.7375531519830342e-01 3.5393650898473260e+02 0.0000000000000000e+00 0.0000000000000000e+00 0.0000000000000000e+00 2.0921794470557563e-05 6.9504015778981261e+02 9.2010170877799658e+02 1.5017832889153919e+01 6.7223577189322228e+01 5.9004839042065676e+01 0.0000000000000000e+00 -1.7987835555482004e+05 -1.7987835555482004e+05 0.0000000000000000e+00
-2.4740918039128101e-02 2.8967893151339033e-02 0.0000000000000000e+00 6.4944804833018366e-01 -7.6040596560003093e-01 0.0000000000000000e+00 1.1968975791607369e-03 1.6479958756684675e-04 1 1.6724307883605834e+04 1.6595954966344570e-01 3.5100055557942392e+02 0.0000000000000000e+00 0.0000000000000000e+00 0.0000000000000000e+00 2.0793315600633113e-05 6.9188667217814293e+02 9.1005908117480828e+02 1.5231940914784589e+01 6.8664061970470414e+01 5.6660278237214726e+01 0.0000000000000000e+00 -1.7064980617037404e+05 -1.7064980617037404e+05 0.0000000000000000e+00
-2.3818806376801737e-02 2.9730730260635677e-02 0.0000000000000000e+00 6.2524265633570331e-01 -7.8043040733833113e-01 0.0000000000000000e+00 1.1968975791607258e-03 1.7038101222948267e-04 1 1.5809626426045481e+04 1.5816686319272552e-01 3.4815128603981941e+02 0.0000000000000000e+00 0.0000000000000000e+00 0.0000000000000000e+00 2.0668108743616108e-05 6.8849864578741176e+02 8.9771617057203559e+02 1.5416679496668003e+01 6.9900218609019802e+01 5.4193255980900673e+01 0.0000000000000000e+00 -1.6171670597036282e+05 -1.6171670597036282e+05 0.0000000000000000e+00
-2.2873188428260811e-02 3.0464226728599636e-02 0.0000000000000000e+00 6.0042022532588180e-01 -7.9968465848709225e-01 0.0000000000000000e+00 1.1968975791607397e-03 1.7614530970436358e-04 1 1.4911634678200149e+04 1.5037581349317264e-01 3.4538952576983388e+02 0.0000000000000000e+00 0.0000000000000000e+00 0.0000000000000000e+00 2.0546252131994854e-05 6.8485791531184361e+02 8.8291102432318007e+02 1.5570035230332065e+01 7.0936242597435694e+01 5.1632187651870190e+01 0.0000000000000000e+00 -1.5306633281734161e+05 -1.5306633281734161e+05 0.0000000000000000e+00
-2.1904997404254695e-02 3.1167658682773138e-02 0.0000000000000000e+00 5.7500525204327846e-01 -8.1814971742502351e-01 0.0000000000000000e+00 1.1968975791607306e-03 1.8209426300198019e-04 1 1.4037121097016981e+04 1.4265972934988669e-01 3.4271928913085168e+02 0.0000000000000000e+00 0.0000000000000000e+00 0.0000000000000000e+00 2.0427965553135414e-05 6.8100155277373915e+02 8.6600548826895033e+02 1.5691163074968133e+01 7.1753518134911261e+01 4.8987775031188505e+01 0.0000000000000000e+00 -1.4471335267014295e+05 -1.4471335267014295e+05 0.0000000000000000e+00
-2.0915188792432968e-02 3.1840331920743779e-02 0.0000000000000000e+00 5.4902281799813457e-01 -8.3580736136826850e-01 0.0000000000000000e+00 1.1968975791607456e-03 1.8822981447487791e-04 1 1.3186533883747359e+04 1.3503008061467434e-01 3.4014338211003769e+02 0.0000000000000000e+00 0.0000000000000000e+00 0.0000000000000000e+00 2.0313417040427633e-05 6.7692523520674558e+02 8.4698683666696718e+02 1.5780403602212004e+01 7.2375816327908765e+01 4.6288730669091720e+01 0.0000000000000000e+00 -1.3667629169175657e+05 -1.3667629169175657e+05 0.0000000000000000e+00
-1.9904739414394450e-02 3.2481582595238506e-02 0.0000000000000000e+00 5.2249856471594791e-01 -8.5264016435409273e-01 0.0000000000000000e+00 1.1968975791607334e-03 1.9455404629660738e-04 1 1.2359361703226818e+04 1.2748909484117765e-01 3.3766410984240633e+02 0.0000000000000000e+00 0.0000000000000000e+00 0.0000000000000000e+00 2.0202753284663336e-05 6.7261751787399487e+02 8.2579247116257568e+02 1.5837472806617534e+01 7.2826083767636291e+01 4.3559816622547643e+01 0.0000000000000000e+00 -1.2896174051665229e+05 -1.2896174051665229e+05 0.0000000000000000e+00
-1.8874646461682243e-02 3.3090777869260721e-02 0.0000000000000000e+00 4.9545866843240927e-01 -8.6863151443819020e-01 0.0000000000000000e+00 1.1968975791607375e-03 2.0106916234302900e-04 1 1.1559746685608587e+04 1.2008788823702549e-01 3.3528259337812074e+02 0.0000000000000000e+00 0.0000000000000000e+00 0.0000000000000000e+00 2.0096068378744282e-05 6.6810203132257357e+02 8.0274270733126946e+02 1.5863107304807453e+01 7.3109885831288182e+01 4.0807514578454935e+01 0.0000000000000000e+00 -1.2157053193995434e+05 -1.2157053193995434e+05 0.0000000000000000e+00
-1.7825926511676034e-02 3.3667316540624000e-02 0.0000000000000000e+00 4.6792981426056901e-01 -8.8376563008869569e-01 0.0000000000000000e+00 1.1968975791607291e-03 2.0777747142395613e-04 1 1.0789524490005300e+04 1.1285493428130812e-01 3.3299955294501200e+02 0.0000000000000000e+00 0.0000000000000000e+00 0.0000000000000000e+00 1.9993437996194973e-05 6.6339394246865481e+02 7.7804197997471454e+02 1.5857125859188239e+01 7.3229815992698832e+01 3.8041696218835071e+01 0.0000000000000000e+00 -1.1450220732274244e+05 -1.1450220732274244e+05 0.0000000000000000e+00
-1.6759614524352998e-02 3.4210629635266068e-02 0.0000000000000000e+00 4.3993916985591858e-01 -8.9802757576061398e-01 0.0000000000000000e+00 1.1968975791607356e-03 2.1468137179871119e-04 1 1.0049664590408389e+04 1.0581027027198869e-01 3.3081534111285043e+02 0.0000000000000000e+00 0.0000000000000000e+00 0.0000000000000000e+00 1.9894920465895276e-05 6.5849540974372167e+02 7.5185264180960451e+02 1.5819636473086423e+01 7.3189576887155269e+01 3.5281326017402648e+01 0.0000000000000000e+00 -1.0775422604802986e+05 -1.0775422604802986e+05 0.0000000000000000e+00
-1.5676762820907200e-02 3.4720180968757501e-02 0.0000000000000000e+00 4.1151435860510566e-01 -9.1140327663544651e-01 0.0000000000000000e+00 1.1968975791607338e-03 2.2178333690057883e-04 1 9.3406313505507533e+03 9.8968995744107932e-02 3.2872971718993273e+02 0.0000000000000000e+00 0.0000000000000000e+00 0.0000000000000000e+00 1.9800546177856899e-05 6.5342911402773746e+02 7.2435154002349532e+02 1.5750733794896108e+01 7.2997608505985426e+01 3.2537009610034666e+01 0.0000000000000000e+00 -1.0132107046212160e+05 -1.0132107046212160e+05 0.0000000000000000e+00
-1.4578440045235685e-02 3.5195467675451009e-02 0.0000000000000000e+00 3.8268343236508517e-01 -9.2387953251128863e-01 0.0000000000000000e+00 1.1968975791607293e-03 2.2908590219074861e-04 1 8.6630447569347980e+03 9.2347641131473104e-02 3.2674326851522324e+02 0.0000000000000000e+00 0.0000000000000000e+00 0.0000000000000000e+00 1.9710381698958606e-05 6.4827140967665287e+02 6.9580253125287766e+02 1.5650995559109614e+01 7.2663228608785374e+01 2.9818971396857538e+01 0.0000000000000000e+00 -9.5207543075263035e+04 -9.5207543075263035e+04 0.0000000000000000e+00
-1.3465730109315916e-02 3.5636020704749166e-02 0.0000000000000000e+00 3.5347484377925764e-01 -9.3544403082986716e-01 0.0000000000000000e+00 1.1968975791607332e-03 2.3659165306154893e-04 1 8.0176987612389021e+03 8.5964748361409188e-02 3.2485625721258208e+02 0.0000000000000000e+00 0.0000000000000000e+00 0.0000000000000000e+00 1.9624477687425528e-05 6.4303573279005843e+02 6.6643349268293980e+02 1.5522260705772348e+01 7.2200722902782132e+01 2.7142931509897860e+01 0.0000000000000000e+00 -8.9414769481145864e+04 -8.9414769481145864e+04 0.0000000000000000e+00
-1.2339731123515552e-02 3.6041405284000648e-02 0.0000000000000000e+00 3.2391741819814757e-01 -9.4608535882754585e-01 0.0000000000000000e+00 1.1968975791607364e-03 2.4430321370991312e-04 1 7.4046773410175228e+03 7.9831423266486720e-02 3.2306816453409994e+02 0.0000000000000000e+00 0.0000000000000000e+00 0.0000000000000000e+00 1.9542847758994092e-05 6.3772420363751189e+02 6.3642627809351109e+02 1.5365367424822598e+01 7.1618680012106410e+01 2.4516984626782527e+01 0.0000000000000000e+00 -8.3934969425748670e+04 -8.3934969425748670e+04 0.0000000000000000e+00
-1.1201554312890065e-02 3.6411221347568419e-02 0.0000000000000000e+00 2.9404032523230611e-01 -9.5579301479832945e-01 0.0000000000000000e+00 1.1968975791607386e-03 2.5222323690446202e-04 1 6.8242720866926320e+03 7.3960553615583902e-02 3.2137943154764577e+02 0.0000000000000000e+00 0.0000000000000000e+00 0.0000000000000000e+00 1.9465547724137866e-05 6.3234269793926842e+02 6.0599791175713597e+02 1.5182085418213124e+01 7.0929325293185897e+01 2.1950441252224554e+01 0.0000000000000000e+00 -7.8760820030327915e+04 -7.8760820030327915e+04 0.0000000000000000e+00
-1.0052322920537803e-02 3.6745103931646171e-02 0.0000000000000000e+00 2.6387304996537908e-01 -9.6455741845779641e-01 0.0000000000000000e+00 1.1968975791607304e-03 2.6035439457383516e-04 1 6.2758050978878764e+03 6.8354403519895884e-02 3.1978997664681214e+02 0.0000000000000000e+00 0.0000000000000000e+00 0.0000000000000000e+00 1.9392607984013822e-05 6.2689484244564801e+02 5.7529405873406415e+02 1.4972618718084334e+01 7.0137207662682798e+01 1.9446805638922417e+01 0.0000000000000000e+00 -7.3883560860090511e+04 -7.3883560860090511e+04 0.0000000000000000e+00
-8.8931710990946232e-03 3.7042723534433546e-02 0.0000000000000000e+00 2.3344536385590367e-01 -9.7236992039767700e-01 0.0000000000000000e+00 1.1968975791607364e-03 2.6869936914768980e-04 1 5.7597296558503413e+03 6.3026594564533259e-02 3.1830257714047895e+02 0.0000000000000000e+00 0.0000000000000000e+00 0.0000000000000000e+00 1.9324188894790790e-05 6.2139001212763412e+02 5.4456971222363313e+02 1.4740383772109908e+01 6.9262051447784629e+01 1.7017154519791262e+01 0.0000000000000000e+00 -6.9295095585291128e+04 -6.9295095585291128e+04 0.0000000000000000e+00
-7.7252427914621937e-03 3.7303786441314636e-02 0.0000000000000000e+00 2.0278729535650417e-01 -9.7922281062176753e-01 0.0000000000000000e+00 1.1968975791607336e-03 2.7726084558691867e-04 1 5.2740003185331443e+03 5.7963348149727166e-02 3.1691922517110976e+02 0.0000000000000000e+00 0.0000000000000000e+00 0.0000000000000000e+00 1.9260413955736119e-05 6.1583734129298489e+02 5.1385715610305760e+02 1.4482748800691436e+01 6.8294610559727047e+01 1.4655532859542292e+01 0.0000000000000000e+00 -6.4988060542101994e+04 -6.4988060542101994e+04 0.0000000000000000e+00
-6.5496906018744543e-03 3.7528035014718873e-02 0.0000000000000000e+00 1.7192910027941963e-01 -9.8510932615477220e-01 0.0000000000000000e+00 1.1968975791607412e-03 2.8604150404410025e-04 1 4.8206236507490639e+03 5.3193967247013717e-02 3.1564778286087625e+02 0.0000000000000000e+00 0.0000000000000000e+00 0.0000000000000000e+00 1.9201676955327611e-05 6.1023754688459940e+02 4.8356092657800201e+02 1.4208627651725557e+01 6.7280120019720528e+01 1.2384158796395358e+01 0.0000000000000000e+00 -6.0950032894112926e+04 -6.0950032894112926e+04 0.0000000000000000e+00
-5.3676746584163937e-03 3.7715247948378161e-02 0.0000000000000000e+00 1.4090123193758503e-01 -9.9002365771655720e-01 0.0000000000000000e+00 1.1968975791607369e-03 2.9504401310000665e-04 1 4.3942406877967605e+03 4.8666678812543530e-02 3.1449520561371702e+02 0.0000000000000000e+00 0.0000000000000000e+00 0.0000000000000000e+00 1.9148330293822671e-05 6.0464592096048887e+02 4.5340753507514614e+02 1.3905420278723515e+01 6.6162641884025405e+01 1.0170948718649019e+01 0.0000000000000000e+00 -5.7187199401394151e+04 -5.7187199401394151e+04 0.0000000000000000e+00
-4.1803614681176927e-03 3.7865240485729465e-02 0.0000000000000000e+00 1.0973431109104249e-01 -9.9396095545518004e-01 0.0000000000000000e+00 1.1968975791607360e-03 3.0427102352657804e-04 1 4.0016222488530411e+03 4.4462129789024703e-02 3.1347847438784146e+02 0.0000000000000000e+00 0.0000000000000000e+00 0.0000000000000000e+00 1.9101191222425666e-05 5.9894086469404601e+02 4.2420360055745761e+02 1.3599666141836888e+01 6.5073523722213608e+01 8.0791298952540238e+00 0.0000000000000000e+00 -5.3648245894087529e+04 -5.3648245894087529e+04 0.0000000000000000e+00
-2.9889227657511194e-03 3.7977864602247224e-02 0.0000000000000000e+00 7.8459095727835257e-02 -9.9691733373312863e-01 0.0000000000000000e+00 1.1968975791607282e-03 3.1372516253095587e-04 1 3.6293953340623348e+03 4.0437746904622915e-02 3.1261457654545723e+02 0.0000000000000000e+00 0.0000000000000000e+00 0.0000000000000000e+00 1.9061078860587266e-05 5.9353189961878138e+02 3.9503255690741895e+02 1.3248887668237694e+01 6.3816403322288366e+01 5.9758607722542862e+00 0.0000000000000000e+00 -5.0419261521129265e+04 -5.0419261521129265e+04 0.0000000000000000e+00
-1.7945343574717681e-03 3.8053009151525742e-02 0.0000000000000000e+00 4.7106450709656647e-02 -9.9888987496196935e-01 0.0000000000000000e+00 1.1968975791607373e-03 3.2340902843950035e-04 1 3.2974354910790521e+03 3.6817877735811862e-02 3.1194602387088185e+02 0.0000000000000000e+00 0.0000000000000000e+00 0.0000000000000000e+00 1.9029999304337061e-05 5.8747542883106223e+02 3.6758842332406351e+02 1.2917891894242430e+01 6.2631930335765091e+01 4.1733745277495107e+00 0.0000000000000000e+00 -4.7283281064308881e+04 -4.7283281064308881e+04 0.0000000000000000e+00
-5.9837496043834706e-04 3.8090599974967172e-02 0.0000000000000000e+00 1.5707317311812314e-02 -9.9987663248166070e-01 0.0000000000000000e+00 1.1968975791607367e-03 3.3332518578433609e-04 1 2.9389325435992050e+03 3.2862902688103983e-02 3.1149106578276832e+02 0.0000000000000000e+00 0.0000000000000000e+00 0.0000000000000000e+00 1.9008830572781177e-05 5.8264225928213102e+02 3.3575356436531746e+02 1.2490556521563967e+01 6.1730703157160228e+01 1.8310314512912300e+00 0.0000000000000000e+00 -4.4351203093191740e+04 -4.4351203093191740e+04 0.0000000000000000e+00
